#:: _ H(A) H(B) H(A,B) H(C) H(A,C) H(B,C) H(A,B,C)
#>> ABC<>BCD; ABC<>CBA
  0   0   0  -1   0   0   0   1
  0   0   1   0   1   0  -1   0
  0   1   0   0   1  -1   0   0
  0   1   1  -1   0   0   0   0
  0   0   0   0   0  -1   0   1
  0   0   0   0   0   0  -1   1
  0  -1   0   1   0   1   0  -1
  0  -1  -1   0  -1   1   1   0
  0   0  -1   1   0   0   1  -1
  0   0   0   0  -1   1   1  -1
  0  -5  -5   4  -5   4   4  -2
  0  -3  -3   3  -3   2   2  -1
  0  -3  -3   2  -3   3   2  -1
  0  -1  -1   1  -1   1   0   0
  0  -3  -3   2  -3   2   3  -1
  0  -1  -1   1  -1   0   1   0
