# command line: ./bin/eliminate 32
# start date:   Tue May 12 12:57:38 2015
# git commit:   669d672d9152bed14e0ebfafb4ef4dbaefab4767
# running time:  143.551s wall, 142.790s user + 0.150s system = 142.940s CPU (99.6%)

#:: _ H(A) H(B) H(A,B) H(C) H(A,C) H(B,C) H(A,B,C) H(D) H(A,D) H(B,D) H(A,B,D) H(C,D) H(A,C,D) H(B,C,D) H(A,B,C,D) H(E) H(A,E) H(B,E) H(A,B,E) H(C,E) H(A,C,E) H(B,C,E) H(A,B,C,E) H(D,E) H(A,D,E) H(B,D,E) H(A,B,D,E) H(C,D,E) H(A,C,D,E) H(B,C,D,E) H(A,B,C,D,E)
#>> ABCDE <> BCDEA; ABCDE <> EDCBA

# Elimination order:
#     37  36  36  38  39  38  37  38  37  37
#     39  39  34  38  39  40  39  38  39  40
#     39  40  45  46  47  48  49  48  49  50
#     53  52  53  54  53  52  50  54  53  51
#     52  56  56  55  57  56  45  55  57  58
#     57  56  46  56  55  46  59  58  59  60
#     59  58  61  60  58  56  63  66  67  66
#     67  68  67  68  69  68  69  69  71  71
#     71  70  71  71  70  73  77  78  79  78
#     77  78  79  78  77  78  79  78  77  78
#     79  78  79  75  79  78  77  78  79  78
#     75  78  79  78  79  82  81  82  83  84
#     83  82  83  82  83  84  87  88  87  86
#     86  86  86  94  92  92  93  94  93  92
#     93  94  93  92  66  90  73  90  89  90
#     89  90  91  90  91  92  91  90  89  73
#     88  90  88  88  73  87  89  90  90  90
#     91  94  95  94  95  96  95  94  95  95
#     95  96  96  95  98 100 100  99 101 104
#    107 108 101 101 105 106 107 102 105 101
#    103 102 103 103 103 104 103 103 103 102
#    103 103 103 104 103 103 103 104 105 106
#    107 106 107 108 107 108 109 108 107 106
#    109 108 109 110 109 108 111 110 104 110
#    111 110 109 107 109 109 111 114 115 114
#    109 114 115 114 113 112 108 108 108 112
#    111 112 113 110 111 110 104 108 111 110
#    111 112 111 110 108 110 111 110 111 114
#    115 114 113 114 115 114 115 115 115 115
#    115 115 117 117 120 122 123 122 123 124
#    123 122 123 124 123 122 123 124 123 122
#    123 126 127 126 125 126 126 126 127 128
#    127 128 129 130 131 130 128 128 129 130
#    129 130 131 130 129 128 129 130 129 130
#    130 129 128 104 103 126 103 126 127 126
#    125 124 124 124 124 126 127 126 127 128
#    127 128 129 128 129 130 129 128 126 126
#    127 128 127 128 129 128 127 126 119 126
#    127 126 126 126 127 126 125 126 127 126
#    127 127 126 126 127 128 127 128 132 134
#    134 133 135 135 135 136 136 135 134 136
#    137 136 135 136 135 135 135 136 137 136
#    135 136 135 135 138 140 139 139 141 142
#    141 142 136 146 145 146 147 146 147 148
#    147 148 149 150 151 150 151 152 151 150
#    151 152 151 152 153 152 151 150 149 150
#    151 150 149 149 149 145 148 148 149 150
#    149 148 149 148 148 150 144 150 149 148
#    143 148 147 148 147 148 149 148 147 143
#    147 146 143 146 147 148 149 150 149 150
#    151 150 151 152 147 150 149 154 155 151
#    153 152 153 153 153 154 150 153 153 152
#    151 154 155 156 155 154 155 156 155 156
#    152 156 152 154 153 152 151 154 155 156
#    153 154 153 154 154 154 155 152 154 154
#    155 156 155 156 157 156 157 158 157 156
#    157 156 157 158 159 158 159 160 159 158
#    159 160 159 158 159 160 159 158 157 158
#    158 160 160 160 159 160 161 160 157 157
#    157 158 159 158 159 160 161 162 161 158
#    159 154 150 153 147 154 149 148 146 152
#    151 152 151 147 146 150 149 150 149 150
#    150 150 151 151 150 150 151 150 150 150
#    151 154 154 154 155 159 161 160 160 155
#    154 153 149 158 158 158 159 158 161 161
#    161 162 161 162 161 158 161 161 163 162
#    162 164 163 163 163 161 163 162 162 162
#    165 164 165 166 165 166 167 166 167 168
#    163 166 165 163 163 164 165 164 165 164
#    165 164 165 166 165 166 165 166 165 162
#    163 162 163 164 163 164 163 163 163 164
#    165 164 165 164 165 164 163 162 165 164
#    165 162 163 162 162 166 163 164 164 164
#    164 166 167 168 169 168 168 168 168 166
#    165 166 166 165 165 165 168 168 169 167
#    168 168 167 167 166 166 166 166 166 166
#    166 170 171 172 169 170 169 170 170 170
#    171 168 170 170 169 168 167 169 169 170
#    170 170 169 170 168 169 167 167 167 168
#    168 119 119 168 169 168 169 168 169 167
#    167 120 154 166 167 166 165 165 165 165
#     75 164 165 166 165 166 167 166 165 164
#    165 166 165 164 164 164 164 166 167 166
#    165 166 165 166 167 168 167 166 167 167
#    167 168 167 167 167 168 167 167 167 167
#    167 167 169  43  54  55  72  71  72  72
#     75  81  93  94 144  90  96  99  94  96
#     84  97 104 114 115 116 128 136  34  50
#     42  53  57  67  59  69  70  74  86  90
#    102 107 109 110 122  35  38  82 103  43
#     44  56  69  88  90  57  78  54  34  34
#     43  44  65  79  49  94  40  55  55  74
#     78  33  90  59  58  63  62  64  65  63
#     46  66  39  51  69  68  68  68  34  78
#     40  69  60  60  54  55  69  51  44  62
#     47  51  46  58  53  56  39  37  33  51
#     35  56  56  38  48  48  41  43  42  36
#     42  35  35  37  36  33  40  37  32  36
#     38  35  34  33  36  35  33  34  34  34
#     33  32

0   0   0   0  -1   0   0   0   0   0   0   0   0   0   0   0  -1   0   0   0   1   0   0   0   0   0   0   0   0   0   0   0 
0  -1   0   0   0   0   0   0   0   0   0   0  -1   1   0   0   0   0   0   0   0   0   0   0   0   0   0   0   0   0   0   0 
0   0   0   0   1   0  -1   0   0   0   0   0   0   0   0   0   0   0   0   0  -1   0   1   0   0   0   0   0   0   0   0   0 
0   0  -1   0   0   0   0   0   0   0   0   0   0   0   0   0   0   0   0   0   0   0   0   0  -1   0   1   0   0   0   0   0 
0   0   0   0   0   0   0   0   0   0   0   0   0   0   0   0   1  -1   0   0  -1   1   0   0   0   0   0   0   0   0   0   0 
0   0   1   0  -1   0   0  -1   0   0   0   0   0   0  -1   1   0   0  -1  -1   1   0   0   0   0  -1   0   1  -1   1   1   0 
0   0   1  -1  -2   0   0   0   0   0  -1   1   0   0   0   0  -2   0   0   0   2   0   0   0   0   0   0  -1   0   0   0   1 
0   0   1  -1   0   0   0   0   0   0  -1   1   0   0   0   0   0   0   0   0   0   0   0   0   0   0   0   0   0   0   0   0 
0   0   1  -1  -1   0   0  -1   0   0  -1   1   0   0  -1   1  -1   0   0  -1   1   0   0   1   0  -1   0   0  -1   1   1   0 
0   0   2  -1  -2   0   0  -3   0   0  -1   1   0   0  -3   3  -1   0  -1  -3   2   0   0   2   0  -3   0   2  -3   3   3  -1 
0   0   3  -2   0   0   0  -5   0   0  -2   2   0   0  -5   4   1   0  -1  -5   0   0   0   4   0  -5   0   4  -5   5   5  -2 
0   0   2  -2   0   0   0  -1   0   0  -2   2   0   0  -1   0   0   0   0  -1   0   0   0   1   0  -1   0   1  -1   1   1   0 
0   0   4  -3   0   0   0  -3   0   0  -3   3   0   0  -3   2   1   0  -1  -3   0   0   0   2   0  -3   0   3  -3   3   3  -1 
0   0   3  -3   0   0   0  -3   0   0  -3   3   0   0  -3   2   0   0   0  -3   0   0   0   3   0  -3   0   2  -3   3   3  -1 
0   0   3  -2  -1   0   0  -3   0   0  -2   2   0   0  -3   3   0   0  -1  -3   1   0   0   2   0  -3   0   3  -3   2   3  -1 
0   0   3  -3   1   0  -1  -1   0   0  -3   3   0   0  -1   1   1  -1   0  -1  -2   1   1   1   0  -1   0   1  -1   0   1   0 
0   0   3  -3   0   0   0  -3   0   0  -3   3   0   0  -3   3   0   0   0  -3   0   0   0   3   0  -3   0   2  -3   2   3  -1 
0   0   4  -3  -1   0   0  -5   0   0  -3   3   0   0  -5   5   0   0  -1  -5   1   0   0   4   0  -5   0   4  -5   4   5  -2 
0   0   3  -3   0   0   0  -3   0   0  -3   3   0   0  -3   2   0   0   0  -3   0   0   0   3   0  -3   0   3  -3   2   3  -1 
0   0   4  -4   0   0   0  -5   0   0  -4   4   0   0  -5   4   0   0   0  -5   0   0   0   5   0  -5   0   4  -5   4   5  -2 
0   0   5  -4   0   0   0  -5   0   0  -4   4   0   0  -5   4   1   0  -1  -5   0   0   0   4   0  -5   0   5  -5   4   5  -2 
0   0   5  -4   0   0   0  -7   0   0  -4   4   0   0  -7   6   1   0  -1  -7   0   0   0   6   0  -7   0   6  -7   6   7  -3 
0  -2   5  -3   0   0   0  -6   0   0  -3   3  -2   2  -6   6   2   0  -2  -6   0   0   0   4   0  -6   0   6  -6   6   4  -2 
0  -1   1  -1   0   0   0  -1   0   0  -1   1  -1   1  -1   1   0   0   0  -1   0   0   0   1   0  -1   0   1  -1   1   0   0 
0  -1   2  -2   0   0   0  -3   0   0  -2   2  -1   1  -3   3   0   0   0  -3   0   0   0   3   0  -3   0   2  -3   3   2  -1 
0  -1   3  -2   0   0   0  -5   0   0  -2   2  -1   1  -5   5   1   0  -1  -5   0   0   0   4   0  -5   0   4  -5   5   4  -2 
0  -1   4  -4   0   0   0  -3   0   0  -4   4  -1   1  -3   2   0   0   0  -3   0   0   0   3   0  -3   0   3  -3   3   2  -1 
0  -1   6  -5   0   0   0  -5   0   0  -5   5  -1   1  -5   4   1   0  -1  -5   0   0   0   4   0  -5   0   5  -5   5   4  -2 
0  -1   5  -5   0   0   0  -5   0   0  -5   5  -1   1  -5   4   0   0   0  -5   0   0   0   5   0  -5   0   4  -5   5   4  -2 
0  -1   5  -4   0   0   0  -7   0   0  -4   4  -1   1  -7   6   1   0  -1  -7   0   0   0   6   0  -7   0   6  -7   7   6  -3 
0   0   2  -2   0   0   0  -3   0   0  -2   2   0   0  -3   3   0   0   0  -3   0   0   0   3   0  -3   0   3  -3   2   2  -1 
0   0   3  -2   0   0   0  -5   0   0  -2   2   0   0  -5   5   1   0  -1  -5   0   0   0   4   0  -5   0   5  -5   4   4  -2 
0   0   3  -3   0   0   0  -5   0   0  -3   3   0   0  -5   5   0   0   0  -5   0   0   0   5   0  -5   0   4  -5   4   4  -2 
0   0   4  -3   0   0   0  -7   0   0  -3   3   0   0  -7   7   1   0  -1  -7   0   0   0   6   0  -7   0   6  -7   6   6  -3 
0   0   5  -4   0   0   0  -9   0   0  -4   4   0   0  -9   8   1   0  -1  -9   0   0   0   8   0  -9   0   8  -9   8   8  -4 
0   0   4  -4   0   0   0  -5   0   0  -4   4   0   0  -5   4   0   0   0  -5   0   0   0   5   0  -5   0   5  -5   4   4  -2 
0   0   6  -5   0   0   0  -7   0   0  -5   5   0   0  -7   6   1   0  -1  -7   0   0   0   6   0  -7   0   7  -7   6   6  -3 
0   0   5  -5   0   0   0  -7   0   0  -5   5   0   0  -7   6   0   0   0  -7   0   0   0   7   0  -7   0   6  -7   6   6  -3 

