#:: _ AB Ab aB ab A a B b
  0   0  -1   0   0   1   0   0   1
  0   0   0   0   1   0  -1   0   0
  0   1   0   0   0   0   0  -1   0
  0   0   0  -1   0   0   1   1   0
  0   1  -1   1   1   0  -1  -1   0
  0  -1   0   0   0   1   0   1   0
  0   0   1   0   0   0   0   0  -1
  0   0   0   0   1   0   0   0  -1
  0   0   0   0  -1   0   1   0   1
  0   0   1   0   0  -1   0   0   0
  0   0   0   1   0   0  -1   0   0
  0   1   0   0   0  -1   0   0   0
  0   0   0   1   0   0   0  -1   0
  0   1   1   1  -1  -1   0  -1   0
  0  -1   1   1   1   0  -1   0  -1
  0   1   1  -1   1  -1   0   0  -1
