# command line: ./bin/eliminate 16
# start date:   Sun May 10 21:16:15 2015
# git commit:   822334c6e6da110acee4cebc4d07601c6f3265a2
# running time:  7.442s wall, 7.270s user + 0.090s system = 7.360s CPU (98.9%)

#:: _ H(a) H(b) H(a,b) H(c) H(a,c) H(b,c) H(a,b,c) H(d) H(a,d) H(b,d) H(a,b,d) H(c,d) H(a,c,d) H(b,c,d) H(a,b,c,d)
#>> abcd<>bcda; abcd<>dcba

# Elimination order:
#     18  20  19  19  21  22  21  22  27  28
#     29  32  31  29  30  34  33  33  35  34
#     27  38  37  35  41  44  45  44  45  45
#     44  47  51  52  49  52  49  50  49  50
#     50  50  49  50  50  50  48  50  53  52
#     53  53  53  53  61  60  58  58  59  58
#     59  58  61  59  59  58  61  62  62  62
#     63  67  69  69  68  70  69  69  69  70
#     69  69  70  71  73  76  77  78  79  78
#     79  80  79  80  81  80  79  78  80  80
#     81  80  80  82  79  78  79  75  79  78
#     75  78  77  75  77  78  78  78  78  78
#     81  85  81  80  77  84  84  84  85  85
#     85  86  86  86  86  86  86  88  89  89
#     89  89  88  50  49  86  87  88  87  86
#     86  86  86  88  88  90  89  90  90  90
#     90  92  17  16  18  22  30  32  35  36
#     42  43  50  52  57  75  31  40  42  44
#     53  68  17  24  35  44  45  24  46  51
#     46  28  31  50  21  27  31  34  48  48
#     48  43  46  47  26  28  42  18  23  28
#     27  35  28  34  20  33  23  22  22  25
#     16  24  30  32  28  29  20  23  22  22
#     24  19  20  18  21  16  16  17  17  16

0   0  -1   0   0   0   0   0  -1   0   1   0   0   0   0   0 
0  -1   0   0  -1   1   0   0   0   0   0   0   0   0   0   0 
0   0   0  -1   0   0  -1   1   0  -1   0   1  -1   0   1   0 
0  -2   0  -1  -2   2  -1   1   0  -1   0   1  -1   1   0   0 
0   0   0  -1   0   0  -1   1   0  -1   0   0  -1   1   1   0 
0  -1   0  -2  -1   1  -2   0   0  -2   0   2  -2   2   2   0 
0   0   0  -3   0   0  -3   2   0  -3   0   3  -3   2   3  -1 
0   0   0  -5   0   0  -5   4   0  -5   0   4  -5   4   5  -2 
0   0   0  -3   0   0  -3   3   0  -3   0   2  -3   2   3  -1 
0  -2   0  -3  -2   2  -3   2   0  -3   0   3  -3   3   2  -1 
0  -1   0  -3  -1   1  -3   3   0  -3   0   2  -3   3   2  -1 
0  -1   0  -3  -1   1  -3   3   0  -3   0   3  -3   2   2  -1 
0  -1   0  -5  -1   1  -5   4   0  -5   0   5  -5   4   4  -2 
0  -1   0  -7  -1   1  -7   6   0  -7   0   6  -7   6   6  -3 
0  -1   0  -5  -1   1  -5   5   0  -5   0   4  -5   4   4  -2 
0   0   0  -3   0   0  -3   2   0  -3   0   2  -3   3   3  -1 
0  -1   0  -5  -1   1  -5   4   0  -5   0   4  -5   5   4  -2 

# elemental inequalities:
0   0   0   0   0   0   0   0   0   0   0   0   0   0  -1   1
0   0   0   0   0   0   0   0   0   0   0   0   0  -1   0   1
0   0   0   0   0   0   0   0   0   0   0  -1   0   0   0   1
0   0   0   0   0   0   0  -1   0   0   0   0   0   0   0   1
0   1   1  -1   0   0   0   0   0   0   0   0   0   0   0   0
0   0   0   0  -1   1   1  -1   0   0   0   0   0   0   0   0
0   0   0   0   0   0   0   0  -1   1   1  -1   0   0   0   0
0   0   0   0   0   0   0   0   0   0   0   0  -1   1   1  -1
0   1   0   0   1  -1   0   0   0   0   0   0   0   0   0   0
0   0  -1   1   0   0   1  -1   0   0   0   0   0   0   0   0
0   0   0   0   0   0   0   0  -1   1   0   0   1  -1   0   0
0   0   0   0   0   0   0   0   0   0  -1   1   0   0   1  -1
0   1   0   0   0   0   0   0   1  -1   0   0   0   0   0   0
0   0  -1   1   0   0   0   0   0   0   1  -1   0   0   0   0
0   0   0   0  -1   1   0   0   0   0   0   0   1  -1   0   0
0   0   0   0   0   0  -1   1   0   0   0   0   0   0   1  -1
0   0   1   0   1   0  -1   0   0   0   0   0   0   0   0   0
0  -1   0   1   0   1   0  -1   0   0   0   0   0   0   0   0
0   0   0   0   0   0   0   0  -1   0   1   0   1   0  -1   0
0   0   0   0   0   0   0   0   0  -1   0   1   0   1   0  -1
0   0   1   0   0   0   0   0   1   0  -1   0   0   0   0   0
0  -1   0   1   0   0   0   0   0   1   0  -1   0   0   0   0
0   0   0   0  -1   0   1   0   0   0   0   0   1   0  -1   0
0   0   0   0   0  -1   0   1   0   0   0   0   0   1   0  -1
0   0   0   0   1   0   0   0   1   0   0   0  -1   0   0   0
0  -1   0   0   0   1   0   0   0   1   0   0   0  -1   0   0
0   0  -1   0   0   0   1   0   0   0   1   0   0   0  -1   0
0   0   0  -1   0   0   0   1   0   0   0   1   0   0   0  -1
