#:: _ H(A) H(a) H(A,a) H(B) H(A,B) H(a,B) H(A,a,B) H(b) H(A,b) H(a,b) H(A,a,b) H(B,b) H(A,B,b) H(a,B,b) H(A,a,B,b)
  0   0   0   0   0   0   0   0   0   0   0   0   0   0  -1   1
  0   0   0   0   0   0   0   0   0   0   0   0   0  -1   0   1
  0   0   0   0   0   0   0   0   0   0   0  -1   0   0   0   1
  0   0   0   0   0   0   0  -1   0   0   0   0   0   0   0   1
  0   1   1  -1   0   0   0   0   0   0   0   0   0   0   0   0
  0   0   0   0  -1   1   1  -1   0   0   0   0   0   0   0   0
  0   0   0   0   0   0   0   0  -1   1   1  -1   0   0   0   0
  0   0   0   0   0   0   0   0   0   0   0   0  -1   1   1  -1
  0   1   0   0   1  -1   0   0   0   0   0   0   0   0   0   0
  0   0  -1   1   0   0   1  -1   0   0   0   0   0   0   0   0
  0   0   0   0   0   0   0   0  -1   1   0   0   1  -1   0   0
  0   0   0   0   0   0   0   0   0   0  -1   1   0   0   1  -1
  0   1   0   0   0   0   0   0   1  -1   0   0   0   0   0   0
  0   0  -1   1   0   0   0   0   0   0   1  -1   0   0   0   0
  0   0   0   0  -1   1   0   0   0   0   0   0   1  -1   0   0
  0   0   0   0   0   0  -1   1   0   0   0   0   0   0   1  -1
  0   0   1   0   1   0  -1   0   0   0   0   0   0   0   0   0
  0  -1   0   1   0   1   0  -1   0   0   0   0   0   0   0   0
  0   0   0   0   0   0   0   0  -1   0   1   0   1   0  -1   0
  0   0   0   0   0   0   0   0   0  -1   0   1   0   1   0  -1
  0   0   1   0   0   0   0   0   1   0  -1   0   0   0   0   0
  0  -1   0   1   0   0   0   0   0   1   0  -1   0   0   0   0
  0   0   0   0  -1   0   1   0   0   0   0   0   1   0  -1   0
  0   0   0   0   0  -1   0   1   0   0   0   0   0   1   0  -1
  0   0   0   0   1   0   0   0   1   0   0   0  -1   0   0   0
  0  -1   0   0   0   1   0   0   0   1   0   0   0  -1   0   0
  0   0  -1   0   0   0   1   0   0   0   1   0   0   0  -1   0
  0   0   0  -1   0   0   0   1   0   0   0   1   0   0   0  -1
