#:: H(A,B) H(A,b) H(B,a) H(a,b) H(B,C) H(B,c) H(C,b) H(b,c) H(A,C) H(A,c) H(C,a) H(a,c) H(A,B,C) H(A,B,c) H(A,C,b) H(A,b,c) H(B,C,a) H(B,a,c) H(C,a,b) H(a,b,c) H(A) H(a) H(B) H(b) H(C) H(c)
 -1   0   0   0  -1   0   0   0   0   0   0   0   1   1   0   0   1  -1   0   0   0   0   0   0   0   0
 -1   0   0   0   0   0   0   0  -1   0   0   0   1   1   1  -1   0   0   0   0   0   0   0   0   0   0
  0   0   0   0  -1   0   0   0  -1   0   0   0   1   0   1   0   1   0  -1   0   0   0   0   0   0   0
  0   0   0   0  -1   0   0   0   0   0  -1   0   1   0  -1   0   1   0   1   0   0   0   0   0   0   0
 -1   0   0   0   0   0   0   0   0  -1   0   0   1   1  -1   1   0   0   0   0   0   0   0   0   0   0
 -1   0   0   0   0  -1   0   0   0   0   0   0   1   1   0   0  -1   1   0   0   0   0   0   0   0   0
  0   0  -1   0   0  -1   0   0   0   0   0   0  -1   1   0   0   1   1   0   0   0   0   0   0   0   0
  0  -1   0   0   0   0   0   0   0  -1   0   0  -1   1   1   1   0   0   0   0   0   0   0   0   0   0
  0   0   0   0   0   0  -1   0   0   0  -1   0  -1   0   1   0   1   0   1   0   0   0   0   0   0   0
  0   0   0   0   0   0  -1   0  -1   0   0   0   1   0   1   0  -1   0   1   0   0   0   0   0   0   0
  0  -1   0   0   0   0   0   0  -1   0   0   0   1  -1   1   1   0   0   0   0   0   0   0   0   0   0
  0   0   0  -1   0   0   0   0   0   0  -1   0   0   0   0   0   1  -1   1   1   0   0   0   0   0   0
  0   0   0   0   0   0   0  -1   0  -1   0   0   0   1   0   1   0  -1   0   1   0   0   0   0   0   0
  0   0   0   0   0  -1   0   0   0   0   0  -1   0   1   0  -1   0   1   0   1   0   0   0   0   0   0
  0   0  -1   0   0   0   0   0   0   0   0  -1   0   0   0   0   1   1  -1   1   0   0   0   0   0   0
  0  -1   0   0   0   0   0  -1   0   0   0   0   0   0   1   1   0   0  -1   1   0   0   0   0   0   0
  0   0   0  -1   0   0   0  -1   0   0   0   0   0   0  -1   1   0   0   1   1   0   0   0   0   0   0
  0   0   0  -1   0   0   0   0   0   0   0  -1   0   0   0   0  -1   1   1   1   0   0   0   0   0   0
  0   0   0  -1   0   0  -1   0   0   0   0   0   0   0   1  -1   0   0   1   1   0   0   0   0   0   0
  0   0   0   0   0  -1   0   0   0  -1   0   0   0   1   0   1   0   1   0  -1   0   0   0   0   0   0
  0   0  -1   0   0   0   0   0   0   0  -1   0   0   0   0   0   1   1   1  -1   0   0   0   0   0   0
  0  -1   0   0   0   0  -1   0   0   0   0   0   0   0   1   1   0   0   1  -1   0   0   0   0   0   0
  0   0   0   0   0   0   0  -1   0   0   0  -1   0  -1   0   1   0   1   0   1   0   0   0   0   0   0
  0   0  -1   0  -1   0   0   0   0   0   0   0   1  -1   0   0   1   1   0   0   0   0   0   0   0   0
  0   0   0  -1   0   0  -1   0  -1   0   0   0   1   0   1   0   0  -1   1   1   0   0   0   0   0   0
  0  -1   0   0   0   0   0  -1  -1   0   0   0   1   0   1   1   0  -1   0   1   0   0   0   0   0   0
  0   0  -1   0  -1   0   0   0   0   0   0  -1   1   0   0  -1   1   1   0   1   0   0   0   0   0   0
 -1   0   0   0   0  -1   0   0   0   0   0  -1   1   1   0   0   0   1  -1   1   0   0   0   0   0   0
 -1   0   0   0   0   0   0  -1   0  -1   0   0   1   1   0   1   0   0  -1   1   0   0   0   0   0   0
  0   0  -1   0   0   0   0  -1   0   0   0  -1   0   0  -1   1   1   1   0   1   0   0   0   0   0   0
  0   0   0  -1   0  -1   0   0   0   0   0  -1   0   1  -1   0   0   1   1   1   0   0   0   0   0   0
  0   0   0  -1   0   0   0  -1   0  -1   0   0   0   1   0   1  -1   0   1   1   0   0   0   0   0   0
  0  -1   0   0   0   0   0  -1   0   0   0  -1  -1   0   1   1   0   1   0   1   0   0   0   0   0   0
  0   0   0  -1   0   0  -1   0   0   0   0  -1  -1   0   1   0   0   1   1   1   0   0   0   0   0   0
  0   0   0  -1   0   0   0  -1   0   0  -1   0  -1   0   0   1   1   0   1   1   0   0   0   0   0   0
  0   0   0  -1   0   0   0  -1   0  -1   0   0  -1   1   0   1   0   0   1   1   0   0   0   0   0   0
  0   0   0  -1   0  -1   0   0   0   0   0  -1  -1   1   0   0   0   1   1   1   0   0   0   0   0   0
  0  -1   0   0   0  -1   0   0   0  -1   0   0   0   1   1   1  -1   1   0   0   0   0   0   0   0   0
  0   0  -1   0   0   0  -1   0   0   0  -1   0   0  -1   1   0   1   1   1   0   0   0   0   0   0   0
 -1   0   0   0   0   0  -1   0  -1   0   0   0   1   1   1   0   0  -1   1   0   0   0   0   0   0   0
  0  -1   0   0  -1   0   0   0  -1   0   0   0   1   0   1   1   1  -1   0   0   0   0   0   0   0   0
  0   0  -1   0  -1   0   0   0  -1   0   0   0   1   0   1  -1   1   1   0   0   0   0   0   0   0   0
 -1   0   0   0   0  -1   0   0  -1   0   0   0   1   1   1   0   0   1  -1   0   0   0   0   0   0   0
 -1   0   0   0  -1   0   0   0   0  -1   0   0   1   1   0   1   1   0  -1   0   0   0   0   0   0   0
  0   0  -1   0  -1   0   0   0   0   0   0  -1   1   0  -1   0   1   1   0   1   0   0   0   0   0   0
 -1   0   0   0   0  -1   0   0   0   0   0  -1   1   1  -1   0   0   1   0   1   0   0   0   0   0   0
 -1   0   0   0   0   0   0  -1   0  -1   0   0   1   1   0   1  -1   0   0   1   0   0   0   0   0   0
  0   0  -1   0   0  -1   0   0   0  -1   0   0   0   1   0   1   1   1  -1   0   0   0   0   0   0   0
  0   0  -1   0   0  -1   0   0   0   0  -1   0   0   1   0  -1   1   1   1   0   0   0   0   0   0   0
  0  -1   0   0   0   0  -1   0   0  -1   0   0   0   1   1   1   0  -1   1   0   0   0   0   0   0   0
  0  -1   0   0   0   0  -1   0   0   0  -1   0   0   0   1   1   1  -1   1   0   0   0   0   0   0   0
  0   0  -1   0   0   0  -1   0   0   0  -1   0   0   0   1  -1   1   1   1   0   0   0   0   0   0   0
 -1   0   0   0   0   0  -1   0  -1   0   0   0   1   1   1   0   0   0   1  -1   0   0   0   0   0   0
  0  -1   0   0  -1   0   0   0  -1   0   0   0   1   0   1   1   1   0   0  -1   0   0   0   0   0   0
  0   0  -1   0  -1   0   0   0  -1   0   0   0   1   0   1   0   1   1   0  -1   0   0   0   0   0   0
  0   0   0  -1   0   0  -1   0  -1   0   0   0   1  -1   1   0   0   0   1   1   0   0   0   0   0   0
  0   0   0  -1   0   0  -1   0   0   0   0  -1   0  -1   1   0   0   1   1   1   0   0   0   0   0   0
 -1   0   0   0   0  -1   0   0  -1   0   0   0   1   1   1   0   0   1   0  -1   0   0   0   0   0   0
  0   0  -1   0   0  -1   0   0   0   0  -1   0   0   1  -1   0   1   1   1   0   0   0   0   0   0   0
 -1   0   0   0  -1   0   0   0   0   0  -1   0   1   1   0   0   1   0   1  -1   0   0   0   0   0   0
  0   0   0  -1  -1   0   0   0   0   0  -1   0   1  -1   0   0   1   0   1   1   0   0   0   0   0   0
 -1   0   0   0  -1   0   0   0   0   0  -1   0   1   1   0  -1   1   0   1   0   0   0   0   0   0   0
  0  -1   0   0   0   0   0  -1  -1   0   0   0   1   0   1   1  -1   0   0   1   0   0   0   0   0   0
  0  -1   0   0   0   0  -1   0   0  -1   0   0   0   1   1   1  -1   0   1   0   0   0   0   0   0   0
  0   0  -1   0   0   0   0  -1   0   0   0  -1  -1   0   0   1   1   1   0   1   0   0   0   0   0   0
  0  -1   0   0   0  -1   0   0   0  -1   0   0   0   1   1   1   0   1  -1   0   0   0   0   0   0   0
  0  -1   0   0   0   0   0  -1   0   0   0  -1   0   0   1   1  -1   1   0   1   0   0   0   0   0   0
  0   0  -1   0   0  -1   0   0   0  -1   0   0   0   1  -1   1   1   1   0   0   0   0   0   0   0   0
 -1   0   0   0  -1   0   0   0   0  -1   0   0   1   1   0   1   1   0   0  -1   0   0   0   0   0   0
  0   0   0  -1   0   0   0  -1   0   0  -1   0   0  -1   0   1   1   0   1   1   0   0   0   0   0   0
  0   0   0  -1  -1   0   0   0   0   0  -1   0   1   0   0  -1   1   0   1   1   0   0   0   0   0   0
  0  -1   0   0   0   0  -1   0   0   0  -1   0   0  -1   1   1   1   0   1   0   0   0   0   0   0   0
  0   0   0  -1  -1   0   0   0  -1   0   0   0   1   0   1  -1   1   0   0   1   0   0   0   0   0   0
 -1   0   0   0   0   0   0  -1  -1   0   0   0   1   1   1   0   0   0  -1   1   0   0   0   0   0   0
 -1   0   0   0  -1   0   0   0   0   0   0  -1   1   1   0   0   1   0  -1   1   0   0   0   0   0   0
 -1   0   0   0  -1   0   0   0   0   0   0  -1   1   1   0  -1   1   0   0   1   0   0   0   0   0   0
 -1   0   0   0   0   0   0  -1  -1   0   0   0   1   1   1   0   0  -1   0   1   0   0   0   0   0   0
  0   0  -1   0   0   0   0  -1   0   0  -1   0   0  -1   0   1   1   1   1   0   0   0   0   0   0   0
  0   0   0  -1   0  -1   0   0   0  -1   0   0   0   1   0   1  -1   1   1   0   0   0   0   0   0   0
  0   0   0  -1   0  -1   0   0   0  -1   0   0   0   1  -1   1   0   1   1   0   0   0   0   0   0   0
  0  -1   0   0   0  -1   0   0   0   0   0  -1   0   1   1   0   0   1  -1   1   0   0   0   0   0   0
  0   0  -1   0   0   0  -1   0   0   0   0  -1   0   0   1  -1   1   1   0   1   0   0   0   0   0   0
  0  -1   0   0   0   0   0  -1   0   0  -1   0   0   0   1   1   1  -1   0   1   0   0   0   0   0   0
  0   0   0  -1   0   0  -1   0   0  -1   0   0   0   1   1   0   0  -1   1   1   0   0   0   0   0   0
  0   0   0  -1   0  -1   0   0   0   0  -1   0   0   1   0  -1   1   0   1   1   0   0   0   0   0   0
  0  -1   0   0   0  -1   0   0  -1   0   0   0   1   0   1   1   0   1   0  -1   0   0   0   0   0   0
  0   0  -1   0   0   0  -1   0  -1   0   0   0   1   0   1   0   0   1   1  -1   0   0   0   0   0   0
 -1   0   0   0   0   0  -1   0   0   0  -1   0   0   1   1  -1   1   0   1   0   0   0   0   0   0   0
  0  -1   0   0  -1   0   0   0   0  -1   0   0   0   1   1   1   1   0  -1   0   0   0   0   0   0   0
  0   0  -1   0   0  -1   0   0  -1   0   0   0   0   1   1   0   1   1  -1   0   0   0   0   0   0   0
  0   0  -1   0   0  -1   0   0  -1   0   0   0   0   1   1  -1   1   1   0   0   0   0   0   0   0   0
  0  -1   0   0  -1   0   0   0   0  -1   0   0   0   1   1   1   1  -1   0   0   0   0   0   0   0   0
  0   0   0  -1  -1   0   0   0   0   0   0  -1   1  -1   0   0   0   1   1   1   0   0   0   0   0   0
 -1   0   0   0   0   0   0  -1   0   0   0  -1   1   0   0   1  -1   1   0   1   0   0   0   0   0   0
 -1   0   0   0   0   0   0  -1   0   0   0  -1   1   0  -1   1   0   1   0   1   0   0   0   0   0   0
  0   0  -1   0   0   0   0  -1   0  -1   0   0  -1   1   0   1   1   0   0   1   0   0   0   0   0   0
  0   0   0  -1   0  -1   0   0   0   0  -1   0  -1   1   0   0   1   0   1   1   0   0   0   0   0   0
  0   0   0  -1   0   0  -1   0   0  -1   0   0  -1   1   1   0   0   0   1   1   0   0   0   0   0   0
  0  -1   0   0   0   0   0  -1   0   0  -1   0  -1   0   1   1   1   0   0   1   0   0   0   0   0   0
  0   0  -1   0   0   0  -1   0   0   0   0  -1  -1   0   1   0   1   1   0   1   0   0   0   0   0   0
 -1   0   0   0   0   0  -1   0   0  -1   0   0   1   1   0   1  -1   0   1   0   0   0   0   0   0   0
  0  -1   0   0  -1   0   0   0   0   0  -1   0   1  -1   0   1   1   0   1   0   0   0   0   0   0   0
  0   0  -1   0   0   0  -1   0  -1   0   0   0   1  -1   1   0   0   1   1   0   0   0   0   0   0   0
  0   0   0  -1   0   0   0  -1  -1   0   0   0   1   0   0   1  -1   0   1   1   0   0   0   0   0   0
  0  -1   0   0   0   0  -1   0   0   0   0  -1   0   0   1   1  -1   1   1   0   0   0   0   0   0   0
  0  -1   0   0   0  -1   0   0  -1   0   0   0   1   0   1   1  -1   1   0   0   0   0   0   0   0   0
 -1   0   0   0   0  -1   0   0   0   0  -1   0   1   1   0   0   0   1   1  -1   0   0   0   0   0   0
 -1   0   0   0   0  -1   0   0   0   0  -1   0   1   1  -1   0   0   1   1   0   0   0   0   0   0   0
  0   0   0  -1  -1   0   0   0   0   0   0  -1   1   0  -1   0   0   1   1   1   0   0   0   0   0   0
 -1   0   0   0   0   0  -1   0   0   0  -1   0   0   1   1   0   1  -1   1   0   0   0   0   0   0   0
  0   0   0  -1   0   0   0  -1  -1   0   0   0   1  -1   0   1   0   0   1   1   0   0   0   0   0   0
 -1   0   0   0   0   0  -1   0   0  -1   0   0   1   1   0   1   0   0   1  -1   0   0   0   0   0   0
  0   0  -1   0   0   0   0  -1   0  -1   0   0   0   1   0   1   1   0  -1   1   0   0   0   0   0   0
  0  -1   0   0   0  -1   0   0   0   0   0  -1  -1   1   1   0   0   1   0   1   0   0   0   0   0   0
  0  -1   0   0   0   0  -1   0   0   0   0  -1   0  -1   1   1   0   1   1   0   0   0   0   0   0   0
  0   0  -1   0  -1   0   0   0   0  -1   0   0   1   0   0   1   1   1   0  -1   0   0   0   0   0   0
  0   0  -1   0  -1   0   0   0   0  -1   0   0   1   0  -1   1   1   1   0   0   0   0   0   0   0   0
  0   0  -1   0   0   0   0  -1   0   0  -1   0   0   0  -1   1   1   1   1   0   0   0   0   0   0   0
  0   0   0  -1  -1   0   0   0  -1   0   0   0   1   0   1   0   1  -1   0   1   0   0   0   0   0   0
  0  -1   0   0  -1   0   0   0   0   0  -1   0   1   0   0   1   1   0   1  -1   0   0   0   0   0   0
  0   0   0  -1  -1   0   0   0  -1   0   0   0   1  -1   1   0   1   0   0   1   0   0   0   0   0   0
 -1   0   0   0   0   0   0  -1  -1   0   0   0   1   1   1   0  -1   0   0   1   0   0   0   0   0   0
 -1   0   0   0  -1   0   0   0   0   0   0  -1   1   1  -1   0   1   0   0   1   0   0   0   0   0   0
  0   0  -1   0   0   0   0  -1   0   0  -1   0  -1   0   0   1   1   1   1   0   0   0   0   0   0   0
  0   0   0  -1   0  -1   0   0   0  -1   0   0  -1   1   0   1   0   1   1   0   0   0   0   0   0   0
  0  -1   0   0   0  -1   0   0   0   0   0  -1   0   1   1   0  -1   1   0   1   0   0   0   0   0   0
  0   0  -1   0   0   0  -1   0   0   0   0  -1   0  -1   1   0   1   1   0   1   0   0   0   0   0   0
  0  -1   0   0   0   0   0  -1   0   0  -1   0   0  -1   1   1   1   0   0   1   0   0   0   0   0   0
  0   0   0  -1   0   0  -1   0   0  -1   0   0   0   1   1   0  -1   0   1   1   0   0   0   0   0   0
  0   0   0  -1   0  -1   0   0   0   0  -1   0   0   1  -1   0   1   0   1   1   0   0   0   0   0   0
  0  -1   0   0   0  -1   0   0  -1   0   0   0   1   0   1   1   0   1  -1   0   0   0   0   0   0   0
  0   0  -1   0   0   0  -1   0  -1   0   0   0   1   0   1  -1   0   1   1   0   0   0   0   0   0   0
 -1   0   0   0   0   0  -1   0   0   0  -1   0   0   1   1   0   1   0   1  -1   0   0   0   0   0   0
  0  -1   0   0  -1   0   0   0   0  -1   0   0   0   1   1   1   1   0   0  -1   0   0   0   0   0   0
  0   0  -1   0   0  -1   0   0  -1   0   0   0   0   1   1   0   1   1   0  -1   0   0   0   0   0   0
  0   0   0  -1  -1   0   0   0   0   0   0  -1   1   0   0  -1   0   1   1   1   0   0   0   0   0   0
 -1   0   0   0   0   0   0  -1   0   0   0  -1   1   0   0   1   0   1  -1   1   0   0   0   0   0   0
  0   0  -1   0   0   0   0  -1   0  -1   0   0   0   1  -1   1   1   0   0   1   0   0   0   0   0   0
 -1   0   0   0   0   0  -1   0   0  -1   0   0   1   1   0   1   0  -1   1   0   0   0   0   0   0   0
  0  -1   0   0  -1   0   0   0   0   0  -1   0   1   0   0   1   1  -1   1   0   0   0   0   0   0   0
  0   0   0  -1   0   0   0  -1  -1   0   0   0   1   0   0   1   0  -1   1   1   0   0   0   0   0   0
  0  -1   0   0   0   0  -1   0   0   0   0  -1  -1   0   1   1   0   1   1   0   0   0   0   0   0   0
 -1   0   0   0   0  -1   0   0   0   0  -1   0   1   1   0  -1   0   1   1   0   0   0   0   0   0   0
  0   0  -1   0  -1   0   0   0   0  -1   0   0   1   0   0   1   1   1  -1   0   0   0   0   0   0   0
 -1   0   0   0  -1   0   0   0  -1   0   0   0   1   1   1   0   1   0   0  -1   0   0   0   0   0   0
  0   0  -1   0  -1   0   0   0   0   0  -1   0   1   0   0  -1   1   1   1   0   0   0   0   0   0   0
 -1   0   0   0   0  -1   0   0   0  -1   0   0   1   1   0   1   0   1  -1   0   0   0   0   0   0   0
  0   0  -1   0   0  -1   0   0   0   0   0  -1   0   1  -1   0   1   1   0   1   0   0   0   0   0   0
  0  -1   0   0   0   0   0  -1   0  -1   0   0   0   1   1   1  -1   0   0   1   0   0   0   0   0   0
  0   0   0  -1   0   0  -1   0   0   0  -1   0   0  -1   1   0   1   0   1   1   0   0   0   0   0   0
  0  -1   0   0   0   0  -1   0  -1   0   0   0   1   0   1   1   0  -1   1   0   0   0   0   0   0   0
  0   0   0  -1   0   0   0  -1   0   0   0  -1  -1   0   0   1   0   1   1   1   0   0   0   0   0   0
  0  -1   0   0   0   0   0  -1  -1   0   0  -1   1  -1   1   2  -1   1   0   1   0   0   0   0   0   0
  0   0   0  -1   0   0  -1   0  -1   0   0  -1   1  -1   1   0  -1   1   2   1   0   0   0   0   0   0
  0   0   0  -1  -1   0   0  -1   0   0  -1   0   1  -1  -1   1   1   0   2   1   0   0   0   0   0   0
 -1   0   0  -1   0   0   0  -1   0  -1   0   0   1   1  -1   2  -1   0   1   1   0   0   0   0   0   0
 -1   0   0  -1   0  -1   0   0   0   0   0  -1   1   1  -1   0  -1   2   1   1   0   0   0   0   0   0
  0  -1  -1   0   0  -1   0   0   0  -1   0   0  -1   2   1   1   1   1  -1   0   0   0   0   0   0   0
  0   0  -1   0   0  -1  -1   0   0   0  -1   0  -1   1   1  -1   2   1   1   0   0   0   0   0   0   0
  0  -1   0   0   0   0  -1   0   0  -1  -1   0  -1   1   2   1   1  -1   1   0   0   0   0   0   0   0
  0   0  -1   0  -1   0   0  -1   0   0   0  -1   1  -1  -1   1   1   2   0   1   0   0   0   0   0   0
  0  -1  -1   0   0   0   0  -1   0   0   0  -1  -1   0   1   1   1   1  -1   2   0   0   0   0   0   0
  0   0   0  -1   0  -1  -1   0   0   0   0  -1  -1   1   1  -1   0   1   1   2   0   0   0   0   0   0
  0  -1   0   0   0  -1  -1   0   0  -1   0   0   0   1   1   2  -1   1   1  -1   0   0   0   0   0   0
  0  -1  -1   0   0   0  -1   0   0   0  -1   0   0  -1   1   1   1   1   2  -1   0   0   0   0   0   0
  0   0  -1   0   0  -1   0   0   0  -1  -1   0   0   1  -1   1   1   2   1  -1   0   0   0   0   0   0
 -1   0   0   0   0  -1   0   0  -1   0   0  -1   1   2   1  -1   0   1  -1   1   0   0   0   0   0   0
  0   0  -1   0  -1   0   0   0  -1   0   0  -1   1   0   1  -1   2   1  -1   1   0   0   0   0   0   0
  0  -1   0   0  -1   0   0  -1  -1   0   0   0   1   0   2   1   1  -1  -1   1   0   0   0   0   0   0
 -1   0   0   0  -1   0   0   0   0  -1  -1   0   2   1  -1   1   1   0   1  -1   0   0   0   0   0   0
 -1   0   0   0   0  -1  -1   0  -1   0   0   0   2   1   1   0  -1   1   1  -1   0   0   0   0   0   0
  0  -1  -1   0  -1   0   0   0  -1   0   0   0   2  -1   1   1   1   1   0  -1   0   0   0   0   0   0
 -1   0   0  -1  -1   0   0   0   0   0  -1   0   1   1   0  -1   2  -1   1   1   0   0   0   0   0   0
 -1   0   0   0  -1   0   0  -1   0  -1   0   0   1   2   0   1   1  -1  -1   1   0   0   0   0   0   0
 -1   0   0  -1   0   0  -1   0  -1   0   0   0   1   1   2  -1   0  -1   1   1   0   0   0   0   0   0
  0   0   0  -1   0   0   0  -1   0  -1  -1   0  -1   1   0   1   1  -1   1   2   0   0   0   0   0   0
  0   0   0   0   0   0   0  -1   0   0   0   0   0   0   0   1   0   0   0   0   0   0   0   0   0   0
  0   0   0  -1   0   0   0   0   0   0   0   0   0   0   0   0   0   0   1   0   0   0   0   0   0   0
  0   0   0   0   0   0   0   0   0   0   0  -1   0   0   0   0   0   1   0   0   0   0   0   0   0   0
  0   0   0   0   0   0   0   0   0  -1   0   0   0   1   0   0   0   0   0   0   0   0   0   0   0   0
  0   0   0   0   0   0   0   0   0   0  -1   0   0   0   0   0   1   0   0   0   0   0   0   0   0   0
  0   0   0   0   0   0  -1   0   0   0   0   0   0   0   1   0   0   0   0   0   0   0   0   0   0   0
  0   0   0   0   0   0  -1   0   0   0   0   0   0   0   0   0   0   0   1   0   0   0   0   0   0   0
  0  -1   0   0   0   0   0   0   0   0   0   0   0   0   0   1   0   0   0   0   0   0   0   0   0   0
  0   0  -1   0   0   0   0   0   0   0   0   0   0   0   0   0   0   1   0   0   0   0   0   0   0   0
  0   0   0   0   0  -1   0   0   0   0   0   0   0   0   0   0   0   1   0   0   0   0   0   0   0   0
  0   0   0   0   0   0   0   0   0  -1   0   0   0   0   0   1   0   0   0   0   0   0   0   0   0   0
  0   0   0   0   0   0   0   0   0   0   0  -1   0   0   0   0   0   0   0   1   0   0   0   0   0   0
  0   0   0   0   0   0   0   0   0   0  -1   0   0   0   0   0   0   0   1   0   0   0   0   0   0   0
 -1   0   0   0   0   0   0   0   0   0   0   0   0   1   0   0   0   0   0   0   0   0   0   0   0   0
  0   0   0   0  -1   0   0   0   0   0   0   0   0   0   0   0   1   0   0   0   0   0   0   0   0   0
  0   0   0   0   0   0   0   0  -1   0   0   0   0   0   1   0   0   0   0   0   0   0   0   0   0   0
  0   0   0   0  -1   0   0   0   0   0   0   0   1   0   0   0   0   0   0   0   0   0   0   0   0   0
 -1   0   0   0   0   0   0   0   0   0   0   0   1   0   0   0   0   0   0   0   0   0   0   0   0   0
  0   0   0   0   0   0   0   0  -1   0   0   0   1   0   0   0   0   0   0   0   0   0   0   0   0   0
  0   0   0   0   0  -1   0   0   0   0   0   0   0   1   0   0   0   0   0   0   0   0   0   0   0   0
  0   0  -1   0   0   0   0   0   0   0   0   0   0   0   0   0   1   0   0   0   0   0   0   0   0   0
  0   0   0  -1   0   0   0   0   0   0   0   0   0   0   0   0   0   0   0   1   0   0   0   0   0   0
  0   0   0   0   0   0   0  -1   0   0   0   0   0   0   0   0   0   0   0   1   0   0   0   0   0   0
  0  -1   0   0   0   0   0   0   0   0   0   0   0   0   1   0   0   0   0   0   0   0   0   0   0   0
 -1   0   0   0  -1   0   0   0   0  -1  -1   0   2   1  -1   1   1  -1   1   0   0   0   0   0   0   0
 -1   0   0   0   0  -1  -1   0  -1   0   0   0   2   1   1  -1  -1   1   1   0   0   0   0   0   0   0
  0  -1  -1   0  -1   0   0   0  -1   0   0   0   2  -1   1   1   1   1  -1   0   0   0   0   0   0   0
 -1   0   0  -1  -1   0   0   0   0   0  -1   0   1   1  -1   0   2  -1   1   1   0   0   0   0   0   0
 -1   0   0   0  -1   0   0  -1   0  -1   0   0   1   2  -1   1   1  -1   0   1   0   0   0   0   0   0
 -1   0   0   0   0  -1   0   0  -1   0   0  -1   1   2   1  -1  -1   1   0   1   0   0   0   0   0   0
  0   0  -1   0   0  -1   0   0   0  -1  -1   0  -1   1   0   1   1   2   1  -1   0   0   0   0   0   0
  0  -1   0   0   0  -1  -1   0   0  -1   0   0  -1   1   1   2   0   1   1  -1   0   0   0   0   0   0
  0  -1  -1   0   0   0  -1   0   0   0  -1   0  -1   0   1   1   1   1   2  -1   0   0   0   0   0   0
 -1   0   0  -1   0   0  -1   0  -1   0   0   0   1   1   2  -1  -1   0   1   1   0   0   0   0   0   0
  0  -1   0   0  -1   0   0  -1  -1   0   0   0   1  -1   2   1   1   0  -1   1   0   0   0   0   0   0
  0   0   0  -1  -1   0   0  -1   0   0  -1   0   1   0  -1   1   1  -1   2   1   0   0   0   0   0   0
 -1   0   0  -1   0   0   0  -1   0  -1   0   0   1   1  -1   2   0  -1   1   1   0   0   0   0   0   0
 -1   0   0  -1   0  -1   0   0   0   0   0  -1   1   1   0  -1  -1   2   1   1   0   0   0   0   0   0
  0   0  -1   0  -1   0   0  -1   0   0   0  -1   1  -1   0   1   1   2  -1   1   0   0   0   0   0   0
  0  -1   0   0   0   0   0  -1  -1   0   0  -1   1  -1   1   2   0   1  -1   1   0   0   0   0   0   0
  0   0   0  -1   0   0   0  -1   0  -1  -1   0   0   1  -1   1   1  -1   1   2   0   0   0   0   0   0
  0   0   0  -1   0  -1  -1   0   0   0   0  -1   0   1   1  -1  -1   1   1   2   0   0   0   0   0   0
  0   0   0  -1   0   0  -1   0  -1   0   0  -1   1   0   1  -1  -1   1   2   1   0   0   0   0   0   0
  0  -1  -1   0   0  -1   0   0   0  -1   0   0  -1   2   1   1   1   1   0  -1   0   0   0   0   0   0
  0   0  -1   0   0  -1  -1   0   0   0  -1   0  -1   1   1   0   2   1   1  -1   0   0   0   0   0   0
  0  -1   0   0   0   0  -1   0   0  -1  -1   0  -1   1   2   1   1   0   1  -1   0   0   0   0   0   0
  0  -1  -1   0   0   0   0  -1   0   0   0  -1   0  -1   1   1   1   1  -1   2   0   0   0   0   0   0
  0   0  -1   0  -1   0   0   0  -1   0   0  -1   1  -1   1   0   2   1  -1   1   0   0   0   0   0   0
  1  -2   1   1   0   0   0   0  -2   1   0   1   2  -1   2   1  -2   0   0   0   0  -1  -1   0   0  -1
  0   0   0   0   1   1  -2   1  -2   0   1   1   2  -2   2   0  -1   0   1   0   0  -1  -1   0   0  -1
  0   0   0   0  -2   0   1   1   1   1  -2   1   2  -2  -1   0   2   0   1   0  -1   0   0  -1   0  -1
 -2   1   0   1   0   0   0   0   1  -2   1   1   2   2  -1   1  -2   0   0   0   0  -1   0  -1  -1   0
 -2   0   1   1   1  -2   1   1   0   0   0   0   2   2  -2   0  -1   1   0   0   0  -1   0  -1  -1   0
  1   1  -2   0   1  -2   1   1   0   0   0   0  -1   1   0   0   2   2  -2   0  -1   0   0  -1  -1   0
  1   1  -2   1   1  -2   1   0   0   0   0   0  -1   2   0  -2   1   2   0   0  -1   0   0  -1  -1   0
  1  -2   1   1   0   0   0   0   1  -2   1   0  -1   2   1   2   0  -2   0   0   0  -1  -1   0  -1   0
  1   1   1  -2   0   0   0   0   1   0   1  -2   0  -2   0   0  -1   2   1   2  -1   0  -1   0  -1   0
  0   0   0   0   1   1   1  -2   1   1   0  -2   0  -1   0   1  -2   2   0   2  -1   0  -1   0  -1   0
  0   0   0   0   1   1   0  -2   1   1   1  -2   0  -1  -2   2   0   1   0   2  -1   0  -1   0  -1   0
  1   0   1  -2   0   0   0   0   1   1   1  -2   0   0  -2   0  -1   1   2   2  -1   0  -1   0  -1   0
  1   1   0  -2   1   1   1  -2   0   0   0   0   0   0  -1   1  -2   0   2   2  -1   0  -1   0  -1   0
  0  -2   1   1   1   1   1  -2   0   0   0   0  -2   0   2   2   0   0  -1   1   0  -1  -1   0  -1   0
  1   1   1  -2   0   1  -2   1   0   0   0   0  -2   0   2  -1   0   0   2   1  -1   0  -1   0   0  -1
  1  -2   1   1   0   1  -2   1   0   0   0   0   0   0   2   1  -2   0   2  -1   0  -1  -1   0   0  -1
  0  -2   1   1   1   1  -2   1   0   0   0   0   0  -2   2   2   0   0   1  -1   0  -1  -1   0   0  -1
  0   1  -2   1   0   0   0   0   1   1  -2   1   0  -2   0   0   2   2   1  -1  -1   0   0  -1   0  -1
  0   0   0   0   0  -2   1   1   1  -2   1   1   0   2   0   1  -2   2   0  -1   0  -1   0  -1  -1   0
  0   0   0   0   1  -2   1   1   0  -2   1   1   0   2  -2   2   0   1   0  -1   0  -1   0  -1  -1   0
  0   0   0   0   1  -2   1   1   1   1   0  -2   0   1   0  -1   0   2  -2   2  -1   0   0  -1  -1   0
  1   1  -2   1   0   0   0   0   1   0   1  -2   0   0   0  -2   1   2  -1   2  -1   0   0  -1  -1   0
  1  -2   1   1   1   0   1  -2   0   0   0   0   0   0   1   2   0  -2  -1   2   0  -1  -1   0  -1   0
 -2   1   1   1   0   0   0   0   1  -2   1   0   1   2  -1   2   0   0   0  -2   0  -1   0  -1  -1   0
  0   0   0   0  -2   1   1   1   1   1  -2   0   1   0  -1   0   2   0   2  -2  -1   0   0  -1   0  -1
  0   0   0   0   1   1  -2   0  -2   1   1   1   1   0   2   0  -1   0   2  -2   0  -1  -1   0   0  -1
  1  -2   1   0   0   0   0   0  -2   1   1   1   1  -1   2   2   0   0   0  -2   0  -1  -1   0   0  -1
  1   1  -2   0  -2   1   1   1   0   0   0   0   1  -1   0   0   2   2   0  -2  -1   0   0  -1   0  -1
 -2   0   1   1  -2   1   1   1   0   0   0   0   2   2   0  -2   1  -1   0   0   0  -1   0  -1   0  -1
 -2   1   1   1  -2   1   0   1   0   0   0   0   2   1   0   0   2  -1  -2   0   0  -1   0  -1   0  -1
 -2   1   1   1   0   0   0   0  -2   1   0   1   2   1   2  -1   0   0  -2   0   0  -1   0  -1   0  -1
  1   0   1  -2   0   0   0   0   1   1  -2   1   0   0   0  -2   1  -1   2   2  -1   0  -1   0   0  -1
  0   0   0   0   1   1  -2   0   1   1  -2   1  -1   0   2  -2   1   0   2   0  -1   0  -1   0   0  -1
  0   0   0   0  -2   1   1   1  -2   0   1   1   2   0   2  -2   1   0  -1   0   0  -1   0  -1   0  -1
  0   0   0   0   0  -2   1   1   1   1   1  -2  -2   2   0  -1   0   2   0   1  -1   0   0  -1  -1   0
 -2   1   0   1   0   0   0   0  -2   1   1   1   2   2   1  -1   0  -2   0   0   0  -1   0  -1   0  -1
  1   1   0  -2   1   1  -2   1   0   0   0   0   0   0   1  -1   0  -2   2   2  -1   0  -1   0   0  -1
  1   1  -2   1   0   0   0   0   0   1  -2   1   0   0  -2   0   2   1   2  -1  -1   0   0  -1   0  -1
  0   0   0   0   1   1   0  -2   1  -2   1   1   0   1   0   2   0  -1  -2   2   0  -1  -1   0  -1   0
  0   0   0   0   1   1   1  -2   0  -2   1   1  -2   2   0   2   0  -1   0   1   0  -1  -1   0  -1   0
  1   1   1  -2   1   0   1  -2   0   0   0   0   0  -2  -1   2   0   0   1   2  -1   0  -1   0  -1   0
 -2   1   1   1   1  -2   1   0   0   0   0   0   1   2   0   0  -1   2   0  -2   0  -1   0  -1  -1   0
  1  -2   1   0   0   0   0   0   1  -2   1   1  -1   1   2   2   0   0  -2   0   0  -1  -1   0  -1   0
  0   1  -2   1   0   0   0   0   1   1   1  -2  -2   0   0   0   2   2  -1   1  -1   0   0  -1  -1   0
  0   0   0   0  -2   0   1   1  -2   1   1   1   2   0   1   0   2  -2  -1   0   0  -1   0  -1   0  -1
  0   0   0   0   1   1  -2   1   1   1  -2   0  -1   0   1   0   2  -2   2   0  -1   0  -1   0   0  -1
  1   1  -2   1  -2   1   0   1   0   0   0   0   2  -1  -2   0   2   1   0   0  -1   0   0  -1   0  -1
  1   1   1  -2   0   0   0   0   0   1  -2   1  -2   0   0   0   2  -1   2   1  -1   0  -1   0   0  -1
  1  -1   1   0   0   0   0   0   1   1   1  -1   0   0   1   0  -1   0  -1   1  -1   0  -1   0  -1   0
  0   0   0   0   1   1  -1   0   1   1   1  -1   0  -1   1  -1   0   0   0   1  -1   0  -1   0  -1   0
  0   0   0   0   1   1   1  -1   1   1  -1   0   0  -1   0   0   1  -1   0   1  -1   0  -1   0  -1   0
  1   1   1  -1   0   0   0   0   1  -1   1   0   0   1   0   0  -1  -1   0   1  -1   0  -1   0  -1   0
  1   1   1  -1   1  -1   1   0   0   0   0   0   0   1  -1  -1   0   0   0   1  -1   0  -1   0  -1   0
  1  -1   1   1   1  -1   1   0   0   0   0   0   0   0   0   1   0   1  -1  -1   0  -1  -1   0  -1   0
  1   1  -1   0   1   1  -1   1   0   0   0   0   0   0   0  -1   0   1   1  -1  -1   0  -1   0   0  -1
  1  -1   1   0   0   0   0   0   1   1  -1   1   0   0   0   1   0  -1   1  -1  -1   0  -1   0   0  -1
  1   0   1  -1   0   0   0   0  -1   1   1   1   0  -1   1  -1   0   0   0   1   0  -1  -1   0   0  -1
  0   0   0   0   1   1   0  -1  -1   1   1   1   0   0   1   0  -1   0  -1   1   0  -1  -1   0   0  -1
  0   0   0   0  -1   1   1   1   1   1   0  -1   0   0  -1   0   1   0  -1   1  -1   0   0  -1   0  -1
 -1   1   1   1   0   0   0   0   1   0   1  -1   0   1  -1  -1   0   0   0   1   0  -1   0  -1  -1   0
 -1   1   1   1   1   0   1  -1   0   0   0   0   0   1   0   0  -1  -1   0   1   0  -1   0  -1  -1   0
  1   1  -1   1   1   0   1  -1   0   0   0   0  -1  -1   0   1   0   1   0   0  -1   0   0  -1  -1   0
  1   1   0  -1   1  -1   1   1   0   0   0   0  -1   0   0   0  -1   1   1   0  -1   0   0  -1  -1   0
  0  -1   1   1   1  -1   1   1   0   0   0   0  -1   1   1   0  -1   0   0   0   0  -1   0  -1  -1   0
  1   1  -1   1   0   1  -1   1   0   0   0   0  -1  -1   1   0   1   0   0   0  -1   0   0  -1   0  -1
  1  -1   1   1   0   0   0   0   0   1  -1   1  -1  -1   1   0   1   0   0   0   0  -1  -1   0   0  -1
  0   0   0   0   1   1  -1   1   0  -1   1   1  -1   1   1   0  -1   0   0   0   0  -1  -1   0   0  -1
  0   0   0   0   0  -1   1   1   1   1  -1   1  -1   1  -1   0   1   0   0   0  -1   0   0  -1   0  -1
  0   0   0   0   0  -1   1   1  -1   1   1   1   1   0   0   0  -1   1  -1   0   0  -1   0  -1   0  -1
  0   1  -1   1   0   0   0   0  -1   1   1   1   1  -1   0  -1   0   1   0   0   0  -1   0  -1   0  -1
  0  -1   1   1  -1   1   1   1   0   0   0   0   1  -1   0   1   0  -1   0   0   0  -1   0  -1   0  -1
 -1   1   0   1   0   0   0   0   1   1  -1   1   0   1   0   0   1  -1   0  -1  -1   0   0  -1   0  -1
  0   0   0   0  -1   0   1   1   1  -1   1   1   0   1   0   0   1  -1   0  -1   0  -1   0  -1  -1   0
  0   0   0   0   1  -1   1   1  -1   0   1   1   0   1   1  -1   0   0   0  -1   0  -1   0  -1  -1   0
  1   1  -1   1   0   0   0   0  -1   1   0   1   0   0   1   0   1   0  -1  -1  -1   0   0  -1   0  -1
  1  -1   1   1  -1   1   0   1   0   0   0   0   0   0   1   0   1   0  -1  -1   0  -1  -1   0   0  -1
  1   1   1  -1  -1   1   0   1   0   0   0   0   1   0  -1  -1   0   0   1   0  -1   0  -1   0   0  -1
 -1   0   1   1   1   1   1  -1   0   0   0   0   1   0  -1   1   0   0  -1   0   0  -1  -1   0  -1   0
 -1   1   0   1   0   0   0   0   1   1   1  -1   1   0   0   0  -1   1  -1   0  -1   0   0  -1  -1   0
 -1   1   1   1   0   0   0   0   0   1  -1   1   1   0  -1  -1   0   0   1   0   0  -1   0  -1   0  -1
  0   0   0   0   1  -1   1   1   1   1  -1   0   0   0   0  -1   0   1   1  -1  -1   0   0  -1  -1   0
  0   0   0   0  -1   0   1   1   1   1   1  -1   1  -1   0  -1   0   1   0   0  -1   0   0  -1  -1   0
  0   0   0   0   1   1  -1   1   1   1   0  -1  -1   0   0   0  -1   1   1   0  -1   0  -1   0   0  -1
  1   1   1  -1   0   0   0   0  -1   1   0   1   1   0   0   0  -1  -1   1   0  -1   0  -1   0   0  -1
 -1   1   1   1   0   1  -1   1   0   0   0   0   1   0   0   0  -1  -1   1   0   0  -1   0  -1   0  -1
  0   1  -1   1   0   0   0   0   1  -1   1   1  -1   1  -1   0   1   0   0   0   0  -1   0  -1  -1   0
  0   0   0   0  -1   1   1   1   0  -1   1   1   1   0  -1   1   0   0  -1   0   0  -1   0  -1   0  -1
  0   0   0   0   1   1   0  -1   1   1  -1   1  -1   0  -1   1   0   0   1   0  -1   0  -1   0   0  -1
  1   1   0  -1  -1   1   1   1   0   0   0   0   0  -1   0   0   1  -1   0   1  -1   0   0  -1   0  -1
 -1   0   1   1   1   1  -1   1   0   0   0   0   0   1   1  -1   0   0   0  -1   0  -1  -1   0   0  -1
  1   1  -1   1   0   0   0   0   1  -1   1   0   0   0   0   1   0   1  -1  -1  -1   0   0  -1  -1   0
  1  -1   1   1   0   0   0   0   1   0   1  -1  -1  -1   0   1   0   1   0   0   0  -1  -1   0  -1   0
  0   0   0   0   1   1   1  -1  -1   0   1   1   1  -1   0   1   0  -1   0   0   0  -1  -1   0  -1   0
  0   0   0   0   1   1  -1   0   1  -1   1   1   0   0   0   1   0  -1   1  -1   0  -1  -1   0  -1   0
  1   1  -1   0   1   1   1  -1   0   0   0   0   0   0  -1   0   1   0  -1   1  -1   0  -1   0  -1   0
  1   0   1  -1   0   0   0   0   1  -1   1   1  -1   0  -1   1   0   0   1   0   0  -1  -1   0  -1   0
  1  -1   1   1   0   0   0   0  -1   0   0   0   1  -1   1   1   0   0  -1   0   0  -1  -1   0   0   0
  0   0   0   0   1   1  -1   1  -1   0   0   0   1   0   1  -1  -1   0   1   0   0   0  -1   0   0  -1
  0   0   0   0  -1   0   0   0   1   1  -1   1   1   0  -1   0   1  -1   1   0  -1   0   0   0   0  -1
 -1   0   0   0   0   0   0   0   1  -1   1   1   1   1  -1   1   0  -1   0   0   0  -1   0   0  -1   0
 -1   0   0   0   1  -1   1   1   0   0   0   0   1   1   0  -1  -1   1   0   0   0   0   0  -1  -1   0
  0   0  -1   0   1  -1   1   1   0   0   0   0  -1   1   0   0   1   1   0  -1   0   0   0  -1  -1   0
  1   1  -1   1   0  -1   0   0   0   0   0   0  -1   1   0   0   1   1   0  -1  -1   0   0  -1   0   0
  1  -1   1   1   0   0   0   0   0  -1   0   0  -1   1   1   1   0   0   0  -1   0  -1  -1   0   0   0
  1   1   1  -1   0   0   0   0   0   0   0  -1   0   0   0  -1  -1   1   1   1  -1   0  -1   0   0   0
  0   0   0   0   1   1   1  -1   0   0   0  -1   0  -1   0   1   0   1  -1   1   0   0  -1   0  -1   0
  0   0   0   0   0   0   0  -1   1   1   1  -1   0  -1   0   1   0   1  -1   1  -1   0   0   0  -1   0
  0   0   0  -1   0   0   0   0   1   1   1  -1   0   0   0  -1  -1   1   1   1  -1   0   0   0  -1   0
  0   0   0  -1   1   1   1  -1   0   0   0   0   0   0  -1   1   0  -1   1   1   0   0  -1   0  -1   0
  0  -1   0   0   1   1   1  -1   0   0   0   0   0  -1   1   1   0   0  -1   1   0   0  -1   0  -1   0
  1   1   1  -1   0   0  -1   0   0   0   0   0   0   0   1  -1  -1   0   1   1  -1   0  -1   0   0   0
  1  -1   1   1   0   0  -1   0   0   0   0   0  -1   0   1   1   0   0   1  -1   0  -1  -1   0   0   0
  0  -1   0   0   1   1  -1   1   0   0   0   0  -1   0   1   1   0   0   1  -1   0   0  -1   0   0  -1
  0   0  -1   0   0   0   0   0   1   1  -1   1  -1   0   0   0   1   1   1  -1  -1   0   0   0   0  -1
  0   0   0   0   0  -1   0   0   1  -1   1   1  -1   1   0   1   0   1   0  -1   0  -1   0   0  -1   0
  0   0   0   0   1  -1   1   1   0  -1   0   0  -1   1   0   1   0   1   0  -1   0   0   0  -1  -1   0
  0   0   0   0   1  -1   1   1   0   0   0  -1   0   1   0  -1  -1   1   0   1   0   0   0  -1  -1   0
  1   1  -1   1   0   0   0   0   0   0   0  -1   0  -1   0   0   1   1  -1   1  -1   0   0  -1   0   0
  1  -1   1   1   0   0   0  -1   0   0   0   0   0  -1   1   1   0   0  -1   1   0  -1  -1   0   0   0
 -1   1   1   1   0   0   0   0   0  -1   0   0   1   1  -1   1   0  -1   0   0   0  -1   0  -1   0   0
  0   0   0   0  -1   1   1   1   0   0  -1   0   1   0  -1   0   1  -1   1   0   0   0   0  -1   0  -1
  0   0   0   0   0   0  -1   0  -1   1   1   1   1   0   1  -1  -1   0   1   0   0  -1   0   0   0  -1
  0  -1   0   0   0   0   0   0  -1   1   1   1   1  -1   1   1   0   0  -1   0   0  -1   0   0   0  -1
  0   0  -1   0  -1   1   1   1   0   0   0   0   1  -1   0   0   1   1  -1   0   0   0   0  -1   0  -1
 -1   0   0   0  -1   1   1   1   0   0   0   0   1   1  -1   0   1  -1   0   0   0   0   0  -1   0  -1
 -1   1   1   1  -1   0   0   0   0   0   0   0   1   1  -1   0   1  -1   0   0   0  -1   0  -1   0   0
 -1   1   1   1   0   0   0   0  -1   0   0   0   1   1   1  -1  -1   0   0   0   0  -1   0  -1   0   0
  0   0   0  -1   0   0   0   0   1   1  -1   1   0   0  -1   0   1  -1   1   1  -1   0   0   0   0  -1
  0   0   0   0   0   0  -1   0   1   1  -1   1  -1   0   1   0   1   0   1  -1  -1   0   0   0   0  -1
  0   0   0   0  -1   1   1   1  -1   0   0   0   1  -1   1   0   1   0  -1   0   0   0   0  -1   0  -1
  0   0   0   0   0  -1   0   0   1   1   1  -1   0   1   0  -1  -1   1   0   1  -1   0   0   0  -1   0
 -1   0   0   0   0   0   0   0  -1   1   1   1   1   1   1  -1  -1   0   0   0   0  -1   0   0   0  -1
  0   0   0  -1   1   1  -1   1   0   0   0   0   0   0   1  -1  -1   0   1   1   0   0  -1   0   0  -1
  1   1  -1   1   0   0   0   0   0   0  -1   0  -1   0   0   0   1   1   1  -1  -1   0   0  -1   0   0
  0   0   0   0   0   0   0  -1   1  -1   1   1   0   1  -1   1   0  -1   0   1   0  -1   0   0  -1   0
  0   0   0   0   1   1   1  -1   0  -1   0   0   0   1  -1   1   0  -1   0   1   0   0  -1   0  -1   0
  1   1   1  -1   0   0   0  -1   0   0   0   0   0   0  -1   1   0  -1   1   1  -1   0  -1   0   0   0
 -1   1   1   1   0  -1   0   0   0   0   0   0   1   1   0  -1  -1   1   0   0   0  -1   0  -1   0   0
  0  -1   0   0   0   0   0   0   1  -1   1   1  -1   1   1   1   0   0   0  -1   0  -1   0   0  -1   0
  0   0  -1   0   0   0   0   0   1   1   1  -1   0  -1   0   0   1   1  -1   1  -1   0   0   0  -1   0
  0   0   0   0  -1   0   0   0  -1   1   1   1   1  -1   1   0   1   0  -1   0   0  -1   0   0   0  -1
  0   0   0   0   1   1  -1   1   0   0  -1   0  -1   0   1   0   1   0   1  -1   0   0  -1   0   0  -1
  1   1  -1   1  -1   0   0   0   0   0   0   0   1  -1   0   0   1   1  -1   0  -1   0   0  -1   0   0
  1   1   1  -1   0   0   0   0   0   0  -1   0   0   0  -1   0   1  -1   1   1  -1   0  -1   0   0   0
  1  -1   1   1   0   0   0   0  -1   0   0   0   1  -1   1   1  -1   0   0   0   0  -1  -1   0   0   0
  0   0   0   0   1   1  -1   1  -1   0   0   0   1  -1   1   0  -1   0   1   0   0   0  -1   0   0  -1
  0   0   0   0  -1   0   0   0   1   1  -1   1   1  -1  -1   0   1   0   1   0  -1   0   0   0   0  -1
 -1   0   0   0   0   0   0   0   1  -1   1   1   1   1  -1   1  -1   0   0   0   0  -1   0   0  -1   0
 -1   0   0   0   1  -1   1   1   0   0   0   0   1   1  -1   0  -1   1   0   0   0   0   0  -1  -1   0
  0   0  -1   0   1  -1   1   1   0   0   0   0  -1   1   0   0   1   1  -1   0   0   0   0  -1  -1   0
  1   1  -1   1   0  -1   0   0   0   0   0   0  -1   1   0  -1   1   1   0   0  -1   0   0  -1   0   0
  1  -1   1   1   0   0   0   0   0  -1   0   0  -1   1   1   1   0  -1   0   0   0  -1  -1   0   0   0
  1   1   1  -1   0   0   0   0   0   0   0  -1   0  -1   0   0  -1   1   1   1  -1   0  -1   0   0   0
  0   0   0   0   1   1   1  -1   0   0   0  -1   0  -1   0   1  -1   1   0   1   0   0  -1   0  -1   0
  0   0   0   0   0   0   0  -1   1   1   1  -1   0  -1  -1   1   0   1   0   1  -1   0   0   0  -1   0
  0   0   0  -1   0   0   0   0   1   1   1  -1   0   0  -1   0  -1   1   1   1  -1   0   0   0  -1   0
  0   0   0  -1   1   1   1  -1   0   0   0   0   0   0  -1   1  -1   0   1   1   0   0  -1   0  -1   0
  0  -1   0   0   1   1   1  -1   0   0   0   0  -1   0   1   1   0   0  -1   1   0   0  -1   0  -1   0
  1   1   1  -1   0   0  -1   0   0   0   0   0  -1   0   1  -1   0   0   1   1  -1   0  -1   0   0   0
  1  -1   1   1   0   0  -1   0   0   0   0   0   0   0   1   1  -1   0   1  -1   0  -1  -1   0   0   0
  0  -1   0   0   1   1  -1   1   0   0   0   0   0  -1   1   1   0   0   1  -1   0   0  -1   0   0  -1
  0   0  -1   0   0   0   0   0   1   1  -1   1   0  -1   0   0   1   1   1  -1  -1   0   0   0   0  -1
  0   0   0   0   0  -1   0   0   1  -1   1   1   0   1   0   1  -1   1   0  -1   0  -1   0   0  -1   0
  0   0   0   0   1  -1   1   1   0  -1   0   0   0   1  -1   1   0   1   0  -1   0   0   0  -1  -1   0
  0   0   0   0   1  -1   1   1   0   0   0  -1   0   1   0  -1   0   1  -1   1   0   0   0  -1  -1   0
  1   1  -1   1   0   0   0   0   0   0   0  -1   0   0   0  -1   1   1  -1   1  -1   0   0  -1   0   0
  1  -1   1   1   0   0   0  -1   0   0   0   0   0   0   1   1   0  -1  -1   1   0  -1  -1   0   0   0
 -1   1   1   1   0   0   0   0   0  -1   0   0   1   1  -1   1   0   0   0  -1   0  -1   0  -1   0   0
  0   0   0   0  -1   1   1   1   0   0  -1   0   1   0  -1   0   1   0   1  -1   0   0   0  -1   0  -1
  0   0   0   0   0   0  -1   0  -1   1   1   1   1   0   1   0  -1   0   1  -1   0  -1   0   0   0  -1
  0  -1   0   0   0   0   0   0  -1   1   1   1   1  -1   1   1   0   0   0  -1   0  -1   0   0   0  -1
  0   0  -1   0  -1   1   1   1   0   0   0   0   1  -1   0   0   1   1   0  -1   0   0   0  -1   0  -1
 -1   0   0   0  -1   1   1   1   0   0   0   0   1   1   0  -1   1  -1   0   0   0   0   0  -1   0  -1
 -1   1   1   1  -1   0   0   0   0   0   0   0   1   1   0   0   1  -1  -1   0   0  -1   0  -1   0   0
 -1   1   1   1   0   0   0   0  -1   0   0   0   1   1   1  -1   0   0  -1   0   0  -1   0  -1   0   0
  0   0   0  -1   0   0   0   0   1   1  -1   1   0   0   0  -1   1  -1   1   1  -1   0   0   0   0  -1
  0   0   0   0   0   0  -1   0   1   1  -1   1  -1   0   1  -1   1   0   1   0  -1   0   0   0   0  -1
  0   0   0   0  -1   1   1   1  -1   0   0   0   1   0   1  -1   1   0  -1   0   0   0   0  -1   0  -1
  0   0   0   0   0  -1   0   0   1   1   1  -1  -1   1   0  -1   0   1   0   1  -1   0   0   0  -1   0
 -1   0   0   0   0   0   0   0  -1   1   1   1   1   1   1  -1   0  -1   0   0   0  -1   0   0   0  -1
  0   0   0  -1   1   1  -1   1   0   0   0   0   0   0   1  -1   0  -1   1   1   0   0  -1   0   0  -1
  1   1  -1   1   0   0   0   0   0   0  -1   0   0   0  -1   0   1   1   1  -1  -1   0   0  -1   0   0
  0   0   0   0   0   0   0  -1   1  -1   1   1   0   1   0   1   0  -1  -1   1   0  -1   0   0  -1   0
  0   0   0   0   1   1   1  -1   0  -1   0   0  -1   1   0   1   0  -1   0   1   0   0  -1   0  -1   0
  1   1   1  -1   0   0   0  -1   0   0   0   0   0  -1  -1   1   0   0   1   1  -1   0  -1   0   0   0
 -1   1   1   1   0  -1   0   0   0   0   0   0   1   1   0   0  -1   1   0  -1   0  -1   0  -1   0   0
  0  -1   0   0   0   0   0   0   1  -1   1   1  -1   1   1   1   0   0  -1   0   0  -1   0   0  -1   0
  0   0  -1   0   0   0   0   0   1   1   1  -1  -1   0   0   0   1   1  -1   1  -1   0   0   0  -1   0
  0   0   0   0  -1   0   0   0  -1   1   1   1   1   0   1   0   1  -1  -1   0   0  -1   0   0   0  -1
  0   0   0   0   1   1  -1   1   0   0  -1   0  -1   0   1   0   1  -1   1   0   0   0  -1   0   0  -1
  1   1  -1   1  -1   0   0   0   0   0   0   0   1  -1  -1   0   1   1   0   0  -1   0   0  -1   0   0
  1   1   1  -1   0   0   0   0   0   0  -1   0  -1   0   0   0   1  -1   1   1  -1   0  -1   0   0   0
  1  -1   1   1   0   0   0   0   1  -1   1   0   0   1   0   1  -1  -1   0   0   0  -1  -1   0  -1   0
  0   0   0   0   1   1  -1   1   1   1  -1   0   0  -1   0   0   1  -1   1   0  -1   0  -1   0   0  -1
  0   0   0   0   1   1  -1   0   1   1  -1   1   0  -1   1  -1   0   0   1   0  -1   0  -1   0   0  -1
  1  -1   1   0   0   0   0   0   1  -1   1   1   0   0   1   1  -1   0  -1   0   0  -1  -1   0  -1   0
  1   1  -1   0   1  -1   1   1   0   0   0   0   0   0  -1   0   1   1  -1   0  -1   0   0  -1  -1   0
 -1   0   1   1   1  -1   1   1   0   0   0   0   1   1  -1   0   0   0  -1   0   0  -1   0  -1  -1   0
  1   1  -1   1  -1   1   0   1   0   0   0   0   1   0  -1  -1   1   0   0   0  -1   0   0  -1   0  -1
  1  -1   1   1   0   0   0   0  -1   1   0   1   1   0   1   0  -1  -1   0   0   0  -1  -1   0   0  -1
  1   1   1  -1   0   0   0   0   0   1  -1   1  -1  -1   0   0   1   0   1   0  -1   0  -1   0   0  -1
  0   0   0   0   1   1   1  -1   0  -1   1   1  -1   1   0   1  -1   0   0   0   0  -1  -1   0  -1   0
  0   0   0   0   0  -1   1   1   1   1   1  -1  -1   1  -1   0   0   1   0   0  -1   0   0  -1  -1   0
  0   1  -1   1   0   0   0   0   1   1   1  -1  -1   0  -1   0   1   1   0   0  -1   0   0  -1  -1   0
  0  -1   1   1   1   1   1  -1   0   0   0   0  -1   0   1   1  -1   0   0   0   0  -1  -1   0  -1   0
  1   1   0  -1   1   1   1  -1   0   0   0   0  -1   0   0   0  -1   0   1   1  -1   0  -1   0  -1   0
  1   1   1  -1   1   0   1  -1   0   0   0   0  -1  -1   0   1   0   0   0   1  -1   0  -1   0  -1   0
  1  -1   1   1   1   0   1  -1   0   0   0   0   0   0   0   1  -1  -1   0   1   0  -1  -1   0  -1   0
  1   1   0  -1   1   1  -1   1   0   0   0   0   0  -1   0   0   0  -1   1   1  -1   0  -1   0   0  -1
  1   0   1  -1   0   0   0   0   1   1  -1   1   0  -1   0  -1   0   0   1   1  -1   0  -1   0   0  -1
  0   0   0   0   1   1   0  -1   1  -1   1   1   0   0   0   1  -1   0  -1   1   0  -1  -1   0  -1   0
  0   0   0   0   1  -1   1   1   1   1   0  -1   0   0  -1   0   0   1  -1   1  -1   0   0  -1  -1   0
  0   0   0   0   1  -1   1   1   0  -1   1   1   0   1  -1   1   0   0  -1   0   0  -1   0  -1  -1   0
  1   1  -1   1   0   0   0   0   0   1  -1   1   0   0  -1  -1   1   0   1   0  -1   0   0  -1   0  -1
  1  -1   1   1   0   1  -1   1   0   0   0   0   0   0   1   0  -1  -1   1   0   0  -1  -1   0   0  -1
 -1   1   1   1   0   0   0   0  -1   1   0   1   1   0   1   0   0   0  -1  -1   0  -1   0  -1   0  -1
  0   0   0   0  -1   1   1   1  -1   0   1   1   1   0   1  -1   0   0   0  -1   0  -1   0  -1   0  -1
  0   0   0   0  -1   0   1   1  -1   1   1   1   1   0   0   0   1  -1   0  -1   0  -1   0  -1   0  -1
 -1   1   0   1   0   0   0   0  -1   1   1   1   1   1   0   0   0  -1   0  -1   0  -1   0  -1   0  -1
 -1   0   1   1  -1   1   1   1   0   0   0   0   1   1   0  -1   0   0   0  -1   0  -1   0  -1   0  -1
  1   1  -1   0  -1   1   1   1   0   0   0   0   0   0   0  -1   1   1   0  -1  -1   0   0  -1   0  -1
 -1   1   1   1   1  -1   1   0   0   0   0   0   0   1   0   0   0   1  -1  -1   0  -1   0  -1  -1   0
 -1   1   1   1   0   0   0   0   1  -1   1   0   0   1   0   1   0   0  -1  -1   0  -1   0  -1  -1   0
  0   1  -1   1   0   0   0   0   1   1  -1   1   0  -1   0  -1   1   1   0   0  -1   0   0  -1   0  -1
  0   0   0   0  -1   0   1   1   1   1  -1   1   1  -1   0  -1   1   0   0   0  -1   0   0  -1   0  -1
  0   0   0   0  -1   1   1   1   1   1  -1   0   0   0   0  -1   1   0   1  -1  -1   0   0  -1   0  -1
  0   0   0   0   1   1   0  -1   1   1   1  -1  -1   0  -1   1   0   0   0   1  -1   0  -1   0  -1   0
  1  -1   1   0   0   0   0   0  -1   1   1   1   0   0   1   1   0  -1   0  -1   0  -1  -1   0   0  -1
  0  -1   1   1   1   1  -1   1   0   0   0   0   0  -1   1   1   0  -1   0   0   0  -1  -1   0   0  -1
  1   1  -1   1   0   0   0   0   1   0   1  -1   0   0  -1  -1   0   1   0   1  -1   0   0  -1  -1   0
  0   0   0   0   0  -1   1   1   1  -1   1   1   0   1   0   0  -1   1  -1   0   0  -1   0  -1  -1   0
  0   0   0   0   1   1   1  -1   1   1   0  -1  -1   0   0   0  -1   1   0   1  -1   0  -1   0  -1   0
  1   1   1  -1   0   1  -1   1   0   0   0   0  -1  -1   1   0   0   0   1   0  -1   0  -1   0   0  -1
 -1   1   1   1  -1   1   0   1   0   0   0   0   1   0   0   0   1   0  -1  -1   0  -1   0  -1   0  -1
 -1   1   0   1   0   0   0   0   1  -1   1   1   1   1   0   0  -1   0  -1   0   0  -1   0  -1  -1   0
  1   0   1  -1   0   0   0   0   1   1   1  -1  -1   0  -1   0   0   0   1   1  -1   0  -1   0  -1   0
  0   0   0   0   1   1  -1   0  -1   1   1   1   0   0   1   0   0  -1   1  -1   0  -1  -1   0   0  -1
  0   0   0   0   1   1  -1   1  -1   0   1   1   1  -1   1   0   0  -1   0   0   0  -1  -1   0   0  -1
  1   1  -1   1   1  -1   1   0   0   0   0   0   0   1  -1  -1   0   1   0   0  -1   0   0  -1  -1   0
  1   1   1  -1   0   0   0   0   1   0   1  -1  -1  -1   0   0   0   1   0   1  -1   0  -1   0  -1   0
  0   0   0   0   0   0   0   1   0   1   0   0   0   0   0  -1   0   0   0   0   0   0   0   0   0  -1
  0   0   0   1   0   0   0   0   0   0   1   0   0   0   0   0   0   0  -1   0   0  -1   0   0   0   0
  0   0   0   1   0   0   1   0   0   0   0   0   0   0   0   0   0   0  -1   0   0   0   0  -1   0   0
  0   1   0   0   0   0   0   1   0   0   0   0   0   0   0  -1   0   0   0   0   0   0   0  -1   0   0
  0   0   1   0   0   0   0   0   0   0   0   1   0   0   0   0   0  -1   0   0   0  -1   0   0   0   0
  1   0   0   0   0   0   0   0   0   1   0   0   0  -1   0   0   0   0   0   0  -1   0   0   0   0   0
  0   0   0   0   1   0   0   0   0   0   1   0   0   0   0   0  -1   0   0   0   0   0   0   0  -1   0
  0   0   0   0   0   0   1   0   1   0   0   0   0   0  -1   0   0   0   0   0   0   0   0   0  -1   0
  0   0   0   0   0   0   1   0   0   0   1   0   0   0   0   0   0   0  -1   0   0   0   0   0  -1   0
  0   1   0   0   0   0   0   0   0   1   0   0   0   0   0  -1   0   0   0   0  -1   0   0   0   0   0
  0   0   1   0   0   1   0   0   0   0   0   0   0   0   0   0   0  -1   0   0   0   0  -1   0   0   0
  0   0   0   1   0   0   0   0   0   0   0   1   0   0   0   0   0   0   0  -1   0  -1   0   0   0   0
  0   0   0   0   0   0   0   1   0   0   0   1   0   0   0   0   0   0   0  -1   0   0   0   0   0  -1
  0   0   0   0   1   0   0   0   1   0   0   0  -1   0   0   0   0   0   0   0   0   0   0   0  -1   0
  1   0   0   0   0   0   0   0   1   0   0   0  -1   0   0   0   0   0   0   0  -1   0   0   0   0   0
  1   0   0   0   1   0   0   0   0   0   0   0  -1   0   0   0   0   0   0   0   0   0  -1   0   0   0
  0   0   1   0   0   0   0   0   0   0   1   0   0   0   0   0  -1   0   0   0   0  -1   0   0   0   0
  0   0   0   0   0   1   0   0   0   1   0   0   0  -1   0   0   0   0   0   0   0   0   0   0   0  -1
  0   0   1   0   1   0   0   0   0   0   0   0   0   0   0   0  -1   0   0   0   0   0  -1   0   0   0
  0   0   0   1   0   0   0   1   0   0   0   0   0   0   0   0   0   0   0  -1   0   0   0  -1   0   0
  0   1   0   0   0   0   1   0   0   0   0   0   0   0  -1   0   0   0   0   0   0   0   0  -1   0   0
  0   1   0   0   0   0   0   0   1   0   0   0   0   0  -1   0   0   0   0   0  -1   0   0   0   0   0
  0   0   0   0   0   1   0   0   0   0   0   1   0   0   0   0   0  -1   0   0   0   0   0   0   0  -1
  1   0   0   0   0   1   0   0   0   0   0   0   0  -1   0   0   0   0   0   0   0   0  -1   0   0   0
  0   1  -1   1   0   0   0   0   1  -2   1   1   0   1   0   1   1   0  -2   0   0  -1   0  -1  -1   0
  0   0   0   0   0  -1   1   1   1   1  -2   1   0   1   0  -2   1   0   1   0  -1   0   0  -1   0  -1
  0   0   0   0   1   1  -2   1   0  -1   1   1   0   1   1   0   0  -2   1   0   0  -1  -1   0   0  -1
  1  -2   1   1   0   0   0   0   0   1  -1   1   0   0   1   1   1  -2   0   0   0  -1  -1   0   0  -1
  1   1  -2   1   0   1  -1   1   0   0   0   0   0   0   1  -2   1   1   0   0  -1   0   0  -1   0  -1
 -2   1   1   1   0   1  -1   1   0   0   0   0   1   1   0   0   0   0   1  -2   0  -1   0  -1   0  -1
  0  -1   1   1  -2   1   1   1   0   0   0   0   1   0   0   1   1   0   0  -2   0  -1   0  -1   0  -1
  0   1  -1   1   0   0   0   0  -2   1   1   1   1   0   1   0   0   1   0  -2   0  -1   0  -1   0  -1
 -1   1   0   1   0   0   0   0   1   1  -2   1   0   1   0  -2   1   0   1   0  -1   0   0  -1   0  -1
  0   0   0   0  -1   0   1   1   1  -2   1   1   0   1   0   1   1   0  -2   0   0  -1   0  -1  -1   0
  0   0   0   0   1  -2   1   1  -1   0   1   1   0   1   1   0   0   1  -2   0   0  -1   0  -1  -1   0
  1   1  -2   1   0   0   0   0  -1   1   0   1   0   0   1  -2   1   1   0   0  -1   0   0  -1   0  -1
  1  -2   1   1  -1   1   0   1   0   0   0   0   0   0   1   1   1  -2   0   0   0  -1  -1   0   0  -1
  1   1   1  -2  -1   1   0   1   0   0   0   0   1  -2   0   0   0   0   1   1  -1   0  -1   0   0  -1
 -1   0   1   1   1   1   1  -2   0   0   0   0   1   0   0   1  -2   0   0   1   0  -1  -1   0  -1   0
  1   1  -1   0   1   1   1  -2   0   0   0   0  -2   0   0   1   1   0   0   1  -1   0  -1   0  -1   0
  1   1   1  -2   1  -1   1   0   0   0   0   0  -2   1   0   0   0   0   1   1  -1   0  -1   0  -1   0
  1   1   1  -2   0   0   0   0   1  -1   1   0  -2   1   0   0   0   0   1   1  -1   0  -1   0  -1   0
  0   0   0   0   1   1   1  -2   1   1  -1   0  -2   0   0   1   1   0   0   1  -1   0  -1   0  -1   0
  0   0   0   0   1   1  -1   0   1   1   1  -2  -2   0   1   0   0   1   0   1  -1   0  -1   0  -1   0
  0   0   0   0   1   1  -1   0   1  -2   1   1   0   1   0   1  -2   0   1   0   0  -1  -1   0  -1   0
  1  -1   1   0   0   0   0   0   1   1  -2   1   0  -2   0   1   1   0   1   0  -1   0  -1   0   0  -1
  1   1  -1   0   1   1  -2   1   0   0   0   0   0  -2   1   0   0   1   1   0  -1   0  -1   0   0  -1
  1   0   1  -1   0   0   0   0  -2   1   1   1   1   0   1   0   0  -2   0   1   0  -1  -1   0   0  -1
  0   0   0   0   1   1   0  -1  -2   1   1   1   1   0   1   0   0  -2   0   1   0  -1  -1   0   0  -1
  0   0   0   0  -2   1   1   1   1   1   0  -1   1   0   0  -2   1   0   0   1  -1   0   0  -1   0  -1
 -2   1   1   1   0   0   0   0   1   0   1  -1   1   1   0   0   0   0  -2   1   0  -1   0  -1  -1   0
 -2   1   1   1   1   0   1  -1   0   0   0   0   1   1   0   0   0   0  -2   1   0  -1   0  -1  -1   0
  1   1  -2   1   1   0   1  -1   0   0   0   0   0   0  -2   1   1   1   0   0  -1   0   0  -1  -1   0
  1   1   0  -1   1  -2   1   1   0   0   0   0   0   1  -2   0   0   1   1   0  -1   0   0  -1  -1   0
  1   0   1  -1   0   0   0   0   1  -2   1   1   0   1   0   1  -2   0   1   0   0  -1  -1   0  -1   0
  1   1  -2   1   0   0   0   0   1  -1   1   0   0   0  -2   1   1   1   0   0  -1   0   0  -1  -1   0
  0   0   0   0  -2   1   1   1   0  -1   1   1   1   0   0   1   1   0   0  -2   0  -1   0  -1   0  -1
  0   0   0   0   1   1   0  -1   1   1  -2   1   0  -2   0   1   1   0   1   0  -1   0  -1   0   0  -1
  0   0   0   0   1   1   1  -2  -1   0   1   1   1   0   0   1  -2   0   0   1   0  -1  -1   0  -1   0
  1  -2   1   1   0   0   0   0   1   0   1  -1   0   0   1   1  -2   1   0   0   0  -1  -1   0  -1   0
  1  -2   1   1   1  -1   1   0   0   0   0   0   0   0   1   1  -2   1   0   0   0  -1  -1   0  -1   0
  1  -1   1   0   0   0   0   0   1   1   1  -2  -2   0   1   0   0   1   0   1  -1   0  -1   0  -1   0
  0   0   0   0   1  -2   1   1   1   1  -1   0   0   1  -2   0   0   1   1   0  -1   0   0  -1  -1   0
  0   0   0   0  -1   0   1   1   1   1   1  -2   1   0  -2   0   0   1   0   1  -1   0   0  -1  -1   0
 -1   0   1   1   1   1  -2   1   0   0   0   0   0   1   1   0   0  -2   1   0   0  -1  -1   0   0  -1
  1   1   0  -1  -2   1   1   1   0   0   0   0   1   0   0  -2   1   0   0   1  -1   0   0  -1   0  -1
 -2   1   1   1   0   0   0   0   0   1  -1   1   1   1   0   0   0   0   1  -2   0  -1   0  -1   0  -1
  1   1   1  -2   0   0   0   0  -1   1   0   1   1  -2   0   0   0   0   1   1  -1   0  -1   0   0  -1
  0   0   0   0   1   1  -2   1   1   1   0  -1   0  -2   1   0   0   1   1   0  -1   0  -1   0   0  -1
  0   0   0   0   0  -1   1   1  -2   1   1   1   1   0   1   0   0   1   0  -2   0  -1   0  -1   0  -1
  0  -1   1   1   1  -2   1   1   0   0   0   0   0   1   1   0   0   1  -2   0   0  -1   0  -1  -1   0
 -1   1   0   1   0   0   0   0   1   1   1  -2   1   0  -2   0   0   1   0   1  -1   0   0  -1  -1   0
  0   0   0   0   0   0   0   0   1  -1   1   1   0   0   0   1   0   0  -1   0   0  -1   0   0  -1   0
  0   0   0   0   0   0   0   0   1   1  -1   1   0   0   0  -1   0   0   1   0  -1   0   0   0   0  -1
  0   0   0   0   1   1  -1   1   0   0   0   0   0   0   0   0   0  -1   1   0   0   0  -1   0   0  -1
  1  -1   1   1   0   0   0   0   0   0   0   0   0   0   0   1   0  -1   0   0   0  -1  -1   0   0   0
  1   1  -1   1   0   0   0   0   0   0   0   0   0   0   0  -1   0   1   0   0  -1   0   0  -1   0   0
 -1   1   1   1   0   0   0   0   0   0   0   0   0   1   0   0   0   0   0  -1   0  -1   0  -1   0   0
  0   0   0   0  -1   1   1   1   0   0   0   0   0   0   0   0   1   0   0  -1   0   0   0  -1   0  -1
  0   0   0   0   0   0   0   0  -1   1   1   1   0   0   1   0   0   0   0  -1   0  -1   0   0   0  -1
  0   0   0   0   1  -1   1   1   0   0   0   0   0   0   0   0   0   1  -1   0   0   0   0  -1  -1   0
  1   1   1  -1   0   0   0   0   0   0   0   0   0  -1   0   0   0   0   0   1  -1   0  -1   0   0   0
  0   0   0   0   1   1   1  -1   0   0   0   0   0   0   0   0  -1   0   0   1   0   0  -1   0  -1   0
  0   0   0   0   1   1   1  -1   0   0   0   0  -1   0   0   1   0   0   0   0   0   0  -1   0  -1   0
  1   1   1  -1   0   0   0   0   0   0   0   0  -1   0   0   0   0   0   1   0  -1   0  -1   0   0   0
  0   0   0   0   0   0   0   0   1   1   1  -1  -1   0   0   0   0   1   0   0  -1   0   0   0  -1   0
  0   0   0   0   0   0   0   0   1  -1   1   1   0   1   0   0  -1   0   0   0   0  -1   0   0  -1   0
  0   0   0   0   0   0   0   0   1   1  -1   1   0  -1   0   0   1   0   0   0  -1   0   0   0   0  -1
  0   0   0   0   1   1  -1   1   0   0   0   0   0  -1   1   0   0   0   0   0   0   0  -1   0   0  -1
  0   0   0   0   0   0   0   0  -1   1   1   1   1   0   0   0   0  -1   0   0   0  -1   0   0   0  -1
  0   0   0   0  -1   1   1   1   0   0   0   0   1   0   0  -1   0   0   0   0   0   0   0  -1   0  -1
 -1   1   1   1   0   0   0   0   0   0   0   0   1   0   0   0   0   0  -1   0   0  -1   0  -1   0   0
  1   1  -1   1   0   0   0   0   0   0   0   0   0   0  -1   0   1   0   0   0  -1   0   0  -1   0   0
  0   0   0   0   1  -1   1   1   0   0   0   0   0   1  -1   0   0   0   0   0   0   0   0  -1  -1   0
  1  -1   1   1   0   0   0   0   0   0   0   0   0   0   1   0  -1   0   0   0   0  -1  -1   0   0   0
  0   0   0   0   0   0   0   0   1   1   1  -1   0   0  -1   0   0   0   0   1  -1   0   0   0  -1   0
  0  -1   0   0   0   0   0   0   0   0   1   1   1  -1   1   1   0   0  -1   0   0  -1   0   0  -1   0
  0   0   0   0   0   0  -1   0   0   1   0   1   1   0   1  -1  -1   0   1   0  -1   0   0   0   0  -1
  0   0   0   0   0   1   0   1   0   0  -1   0   1   0  -1   0   1  -1   1   0   0   0  -1   0   0  -1
  0   0   1   1   0   0   0   0   0  -1   0   0   1   1  -1   1   0  -1   0   0   0  -1  -1   0   0   0
  0   1   0   1   0  -1   0   0   0   0   0   0   1   1   0  -1  -1   1   0   0  -1   0   0  -1   0   0
  0   1   0   1   0  -1   0   0   0   0   0   0  -1   1   0   0   1   1   0  -1   0  -1   0  -1   0   0
  0   0  -1   0   0   0   1   1   0   0   0   0  -1   1   0   0   1   1   0  -1   0   0   0  -1   0  -1
  0  -1   0   0   0   0   0   0   0   0   1   1  -1   1   1   1   0   0   0  -1   0  -1   0   0   0  -1
  0   0   0  -1   0   0   0   0   1   1   0   0   0   0   0  -1  -1   1   1   1  -1   0   0   0   0  -1
  0   0   0   0   0   0   0  -1   1   0   1   0   0  -1   0   1   0   1  -1   1   0  -1   0   0  -1   0
  0   0   0   0   1   0   1   0   0   0   0  -1   0  -1   0   1   0   1  -1   1   0   0   0  -1  -1   0
  1   1   0   0   0   0   0   0   0   0   0  -1   0   0   0  -1  -1   1   1   1  -1   0   0  -1   0   0
  1   0   1   0   0   0   0  -1   0   0   0   0   0   0  -1   1   0  -1   1   1   0  -1  -1   0   0   0
  1   0   1   0   0   0   0  -1   0   0   0   0   0  -1   1   1   0   0  -1   1  -1   0  -1   0   0   0
  0   0   0  -1   1   1   0   0   0   0   0   0   0   0   1  -1  -1   0   1   1   0   0  -1   0  -1   0
  0  -1   0   0   1   1   0   0   0   0   0   0  -1   0   1   1   0   0   1  -1   0   0  -1   0  -1   0
  1   0   1   0   0   0  -1   0   0   0   0   0  -1   0   1   1   0   0   1  -1  -1   0  -1   0   0   0
  1   1   0   0   0   0   0   0   0   0  -1   0  -1   0   0   0   1   1   1  -1  -1   0  -1   0   0   0
  0   0   0   0   1   0   1   0   0  -1   0   0  -1   1   0   1   0   1   0  -1   0   0  -1   0  -1   0
  0   0   0   0   0  -1   0   0   1   0   1   0  -1   1   0   1   0   1   0  -1  -1   0   0   0  -1   0
  0   0   0   0   0  -1   0   0   1   0   1   0   0   1   0  -1  -1   1   0   1   0  -1   0   0  -1   0
  0   0  -1   0   0   0   0   0   1   1   0   0   0  -1   0   0   1   1  -1   1  -1   0   0   0   0  -1
  0  -1   0   0   1   1   0   0   0   0   0   0   0  -1   1   1   0   0  -1   1   0   0  -1   0   0  -1
 -1   0   0   0   0   0   0   0   0   0   1   1   1   1  -1   1   0  -1   0   0   0  -1   0   0   0  -1
  0   0   0   0  -1   0   0   0   0   1   0   1   1   0  -1   0   1  -1   1   0   0  -1   0   0   0  -1
  0   0   0   0   0   1   0   1  -1   0   0   0   1   0   1  -1  -1   0   1   0   0   0   0  -1   0  -1
  0   0   1   1   0   0   0   0  -1   0   0   0   1  -1   1   1   0   0  -1   0   0  -1   0  -1   0   0
  0   1   0   1  -1   0   0   0   0   0   0   0   1  -1   0   0   1   1  -1   0   0  -1   0  -1   0   0
  0   1   0   1  -1   0   0   0   0   0   0   0   1   1  -1   0   1  -1   0   0  -1   0   0  -1   0   0
 -1   0   0   0   0   0   1   1   0   0   0   0   1   1  -1   0   1  -1   0   0   0   0   0  -1  -1   0
 -1   0   0   0   0   0   0   0   0   0   1   1   1   1   1  -1  -1   0   0   0   0  -1   0   0  -1   0
  1   1   0   0   0   0   0   0   0   0  -1   0   0   0  -1   0   1  -1   1   1  -1   0   0  -1   0   0
  0   0   0   0   0   1   0   1   0   0  -1   0  -1   0   1   0   1   0   1  -1   0   0   0  -1   0  -1
  0   0   0   0  -1   0   0   0   0   1   0   1   1  -1   1   0   1   0  -1   0  -1   0   0   0   0  -1
  0   0   0   0   1   0   1   0   0   0   0  -1   0   1   0  -1  -1   1   0   1   0   0  -1   0  -1   0
  0   0   1   1   0   0   0   0  -1   0   0   0   1   1   1  -1  -1   0   0   0   0  -1  -1   0   0   0
  1   0   1   0   0   0  -1   0   0   0   0   0   0   0   1  -1  -1   0   1   1   0  -1  -1   0   0   0
  0   0  -1   0   0   0   0   0   1   1   0   0  -1   0   0   0   1   1   1  -1  -1   0   0   0  -1   0
  0   0   0   0   1   0   1   0   0  -1   0   0   0   1  -1   1   0  -1   0   1   0   0   0  -1  -1   0
  0   0   0   0   0   0   0  -1   1   0   1   0   0   1  -1   1   0  -1   0   1  -1   0   0   0  -1   0
  0   0   0  -1   1   1   0   0   0   0   0   0   0   0  -1   1   0  -1   1   1   0   0  -1   0   0  -1
 -1   0   0   0   0   0   1   1   0   0   0   0   1   1   0  -1  -1   1   0   0   0   0   0  -1   0  -1
  0   0   1   1   0   0   0   0   0  -1   0   0  -1   1   1   1   0   0   0  -1   0  -1   0  -1   0   0
  1   1   0   0   0   0   0   0   0   0   0  -1   0  -1   0   0   1   1  -1   1  -1   0  -1   0   0   0
  0   0   0   0   0   1   0   1  -1   0   0   0   1  -1   1   0   1   0  -1   0   0   0  -1   0   0  -1
  0   0   0   0   0   0  -1   0   0   1   0   1  -1   0   1   0   1   0   1  -1   0  -1   0   0   0  -1
  0   0  -1   0   0   0   1   1   0   0   0   0   1  -1   0   0   1   1  -1   0   0   0   0  -1  -1   0
  0   0   0  -1   0   0   0   0   1   1   0   0   0   0  -1   0   1  -1   1   1  -1   0   0   0  -1   0
  1   0   1   0   0   0   0   0   1   1   1  -1   0   0   0   0  -1   0   0   0  -1   0  -1   0  -1   0
  0   0   0   0   1   1   0   0   1   1   1  -1   0  -1   0   0   0   0   0   0  -1   0  -1   0  -1   0
  0   0   0   0   1   1   1  -1   1   1   0   0   0  -1   0   0   0   0   0   0  -1   0  -1   0  -1   0
  1   1   1  -1   0   0   0   0   1   0   1   0   0   0   0   0  -1   0   0   0  -1   0  -1   0  -1   0
  1   1   1  -1   1   0   1   0   0   0   0   0   0   0  -1   0   0   0   0   0  -1   0  -1   0  -1   0
  1  -1   1   1   1   0   1   0   0   0   0   0   0   0   0   0   0   0  -1   0   0  -1  -1   0  -1   0
  1   1   0   0   1   1  -1   1   0   0   0   0   0   0   0  -1   0   0   0   0  -1   0  -1   0   0  -1
  1   0   1   0   0   0   0   0   1   1  -1   1   0   0   0   0   0  -1   0   0  -1   0  -1   0   0  -1
  1   0   1   0   0   0   0   0  -1   1   1   1   0  -1   0   0   0   0   0   0   0  -1  -1   0   0  -1
  0   0   0   0   1   1   0   0  -1   1   1   1   0   0   0   0  -1   0   0   0   0  -1  -1   0   0  -1
  0   0   0   0  -1   1   1   1   1   1   0   0   0   0  -1   0   0   0   0   0  -1   0   0  -1   0  -1
 -1   1   1   1   0   0   0   0   1   0   1   0   0   0  -1   0   0   0   0   0   0  -1   0  -1  -1   0
 -1   1   1   1   1   0   1   0   0   0   0   0   0   0   0   0  -1   0   0   0   0  -1   0  -1  -1   0
  1   1  -1   1   1   0   1   0   0   0   0   0  -1   0   0   0   0   0   0   0  -1   0   0  -1  -1   0
  1   1   0   0   1  -1   1   1   0   0   0   0  -1   0   0   0   0   0   0   0  -1   0   0  -1  -1   0
  0   0   1   1   1  -1   1   1   0   0   0   0   0   0   0   0  -1   0   0   0   0  -1   0  -1  -1   0
  1   1  -1   1   0   1   0   1   0   0   0   0   0  -1   0   0   0   0   0   0  -1   0   0  -1   0  -1
  1  -1   1   1   0   0   0   0   0   1   0   1   0  -1   0   0   0   0   0   0   0  -1  -1   0   0  -1
  0   0   0   0   1   1  -1   1   0   0   1   1   0   0   0   0  -1   0   0   0   0  -1  -1   0   0  -1
  0   0   0   0   0   0   1   1   1   1  -1   1   0   0  -1   0   0   0   0   0  -1   0   0  -1   0  -1
  0   0   0   0   0   0   1   1  -1   1   1   1   0   0   0   0   0   0  -1   0   0  -1   0  -1   0  -1
  0   1   0   1   0   0   0   0  -1   1   1   1   0   0   0  -1   0   0   0   0   0  -1   0  -1   0  -1
  0   0   1   1  -1   1   1   1   0   0   0   0   0   0   0   0   0  -1   0   0   0  -1   0  -1   0  -1
  0   1   0   1   0   0   0   0   1   1  -1   1   0   0   0   0   0   0   0  -1  -1   0   0  -1   0  -1
  0   0   0   0   0   0   1   1   1  -1   1   1   0   0   0   0   0   0   0  -1   0  -1   0  -1  -1   0
  0   0   0   0   1  -1   1   1   0   0   1   1   0   0   0   0   0   0   0  -1   0  -1   0  -1  -1   0
  1   1  -1   1   0   0   0   0   0   1   0   1   0   0   0   0   0   0   0  -1  -1   0   0  -1   0  -1
  1  -1   1   1   0   1   0   1   0   0   0   0   0   0   0   0   0   0   0  -1   0  -1  -1   0   0  -1
  1   1   1  -1   0   1   0   1   0   0   0   0   0   0   0  -1   0   0   0   0  -1   0  -1   0   0  -1
  0   0   1   1   1   1   1  -1   0   0   0   0   0   0   0   0   0   0  -1   0   0  -1  -1   0  -1   0
  0   1   0   1   0   0   0   0   1   1   1  -1   0   0   0   0   0   0  -1   0  -1   0   0  -1  -1   0
 -1   1   1   1   0   0   0   0   0   1   0   1   0   0   0  -1   0   0   0   0   0  -1   0  -1   0  -1
  0   0   0   0   1  -1   1   1   1   1   0   0   0   0   0  -1   0   0   0   0  -1   0   0  -1  -1   0
  0   0   0   0   0   0   1   1   1   1   1  -1   0   0   0  -1   0   0   0   0  -1   0   0  -1  -1   0
  0   0   0   0   1   1  -1   1   1   1   0   0  -1   0   0   0   0   0   0   0  -1   0  -1   0   0  -1
  1   1   1  -1   0   0   0   0   0   1   0   1   0   0   0   0   0  -1   0   0  -1   0  -1   0   0  -1
 -1   1   1   1   0   1   0   1   0   0   0   0   0   0   0   0   0  -1   0   0   0  -1   0  -1   0  -1
  0   1   0   1   0   0   0   0   1  -1   1   1   0   0  -1   0   0   0   0   0   0  -1   0  -1  -1   0
  0   0   0   0  -1   1   1   1   0   0   1   1   0   0   0   0   0   0  -1   0   0  -1   0  -1   0  -1
  0   0   0   0   1   1   0   0   1   1  -1   1  -1   0   0   0   0   0   0   0  -1   0  -1   0   0  -1
  1   1   0   0  -1   1   1   1   0   0   0   0   0  -1   0   0   0   0   0   0  -1   0   0  -1   0  -1
  0   0   1   1   1   1  -1   1   0   0   0   0   0   0   0   0   0   0   0  -1   0  -1  -1   0   0  -1
  1   1  -1   1   0   0   0   0   1   0   1   0   0   0   0   0   0   0  -1   0  -1   0   0  -1  -1   0
  1  -1   1   1   0   0   0   0   1   0   1   0  -1   0   0   0   0   0   0   0   0  -1  -1   0  -1   0
  0   0   0   0   1   1   1  -1   0   0   1   1   0   0   0   0   0  -1   0   0   0  -1  -1   0  -1   0
  0   0   0   0   1   1   0   0   1  -1   1   1   0   0   0   0   0  -1   0   0   0  -1  -1   0  -1   0
  1   1   0   0   1   1   1  -1   0   0   0   0   0   0  -1   0   0   0   0   0  -1   0  -1   0  -1   0
  1   0   1   0   0   0   0   0   1  -1   1   1  -1   0   0   0   0   0   0   0   0  -1  -1   0  -1   0
  0  -1   0   0   0   0   0   0   0   0   1   1   1  -1   1   1   0   0   0  -1   0  -1   0   0  -1   0
  0   0   0   0   0   0  -1   0   0   1   0   1   1   0   1   0  -1   0   1  -1  -1   0   0   0   0  -1
  0   0   0   0   0   1   0   1   0   0  -1   0   1   0  -1   0   1   0   1  -1   0   0  -1   0   0  -1
  0   0   1   1   0   0   0   0   0  -1   0   0   1   1  -1   1   0   0   0  -1   0  -1  -1   0   0   0
  0   1   0   1   0  -1   0   0   0   0   0   0   1   1   0   0  -1   1   0  -1  -1   0   0  -1   0   0
  0   1   0   1   0  -1   0   0   0   0   0   0  -1   1   0  -1   1   1   0   0   0  -1   0  -1   0   0
  0   0  -1   0   0   0   1   1   0   0   0   0  -1   1   0   0   1   1  -1   0   0   0   0  -1   0  -1
  0  -1   0   0   0   0   0   0   0   0   1   1  -1   1   1   1   0   0  -1   0   0  -1   0   0   0  -1
  0   0   0  -1   0   0   0   0   1   1   0   0   0   0  -1   0  -1   1   1   1  -1   0   0   0   0  -1
  0   0   0   0   0   0   0  -1   1   0   1   0   0  -1  -1   1   0   1   0   1   0  -1   0   0  -1   0
  0   0   0   0   1   0   1   0   0   0   0  -1   0  -1   0   1  -1   1   0   1   0   0   0  -1  -1   0
  1   1   0   0   0   0   0   0   0   0   0  -1   0  -1   0   0  -1   1   1   1  -1   0   0  -1   0   0
  1   0   1   0   0   0   0  -1   0   0   0   0   0  -1  -1   1   0   0   1   1   0  -1  -1   0   0   0
  1   0   1   0   0   0   0  -1   0   0   0   0   0   0   1   1   0  -1  -1   1  -1   0  -1   0   0   0
  0   0   0  -1   1   1   0   0   0   0   0   0   0   0   1  -1   0  -1   1   1   0   0  -1   0  -1   0
  0  -1   0   0   1   1   0   0   0   0   0   0   0  -1   1   1   0   0   1  -1   0   0  -1   0  -1   0
  1   0   1   0   0   0  -1   0   0   0   0   0   0   0   1   1  -1   0   1  -1  -1   0  -1   0   0   0
  1   1   0   0   0   0   0   0   0   0  -1   0   0   0  -1   0   1   1   1  -1  -1   0  -1   0   0   0
  0   0   0   0   1   0   1   0   0  -1   0   0   0   1  -1   1   0   1   0  -1   0   0  -1   0  -1   0
  0   0   0   0   0  -1   0   0   1   0   1   0   0   1   0   1  -1   1   0  -1  -1   0   0   0  -1   0
  0   0   0   0   0  -1   0   0   1   0   1   0  -1   1   0  -1   0   1   0   1   0  -1   0   0  -1   0
  0   0  -1   0   0   0   0   0   1   1   0   0  -1   0   0   0   1   1  -1   1  -1   0   0   0   0  -1
  0  -1   0   0   1   1   0   0   0   0   0   0  -1   0   1   1   0   0  -1   1   0   0  -1   0   0  -1
 -1   0   0   0   0   0   0   0   0   0   1   1   1   1  -1   1  -1   0   0   0   0  -1   0   0   0  -1
  0   0   0   0  -1   0   0   0   0   1   0   1   1  -1  -1   0   1   0   1   0   0  -1   0   0   0  -1
  0   0   0   0   0   1   0   1  -1   0   0   0   1  -1   1   0  -1   0   1   0   0   0   0  -1   0  -1
  0   0   1   1   0   0   0   0  -1   0   0   0   1  -1   1   1  -1   0   0   0   0  -1   0  -1   0   0
  0   1   0   1  -1   0   0   0   0   0   0   0   1  -1  -1   0   1   1   0   0   0  -1   0  -1   0   0
  0   1   0   1  -1   0   0   0   0   0   0   0   1   1   0   0   1  -1  -1   0  -1   0   0  -1   0   0
 -1   0   0   0   0   0   1   1   0   0   0   0   1   1   0  -1   1  -1   0   0   0   0   0  -1  -1   0
 -1   0   0   0   0   0   0   0   0   0   1   1   1   1   1  -1   0  -1   0   0   0  -1   0   0  -1   0
  1   1   0   0   0   0   0   0   0   0  -1   0  -1   0   0   0   1  -1   1   1  -1   0   0  -1   0   0
  0   0   0   0   0   1   0   1   0   0  -1   0  -1   0   1   0   1  -1   1   0   0   0   0  -1   0  -1
  0   0   0   0  -1   0   0   0   0   1   0   1   1   0   1   0   1  -1  -1   0  -1   0   0   0   0  -1
  0   0   0   0   1   0   1   0   0   0   0  -1   0   1   0  -1   0   1  -1   1   0   0  -1   0  -1   0
  0   0   1   1   0   0   0   0  -1   0   0   0   1   1   1  -1   0   0  -1   0   0  -1  -1   0   0   0
  1   0   1   0   0   0  -1   0   0   0   0   0  -1   0   1  -1   0   0   1   1   0  -1  -1   0   0   0
  0   0  -1   0   0   0   0   0   1   1   0   0   0  -1   0   0   1   1   1  -1  -1   0   0   0  -1   0
  0   0   0   0   1   0   1   0   0  -1   0   0  -1   1   0   1   0  -1   0   1   0   0   0  -1  -1   0
  0   0   0   0   0   0   0  -1   1   0   1   0   0   1   0   1   0  -1  -1   1  -1   0   0   0  -1   0
  0   0   0  -1   1   1   0   0   0   0   0   0   0   0  -1   1  -1   0   1   1   0   0  -1   0   0  -1
 -1   0   0   0   0   0   1   1   0   0   0   0   1   1  -1   0  -1   1   0   0   0   0   0  -1   0  -1
  0   0   1   1   0   0   0   0   0  -1   0   0  -1   1   1   1   0  -1   0   0   0  -1   0  -1   0   0
  1   1   0   0   0   0   0   0   0   0   0  -1   0   0   0  -1   1   1  -1   1  -1   0  -1   0   0   0
  0   0   0   0   0   1   0   1  -1   0   0   0   1   0   1  -1   1   0  -1   0   0   0  -1   0   0  -1
  0   0   0   0   0   0  -1   0   0   1   0   1  -1   0   1  -1   1   0   1   0   0  -1   0   0   0  -1
  0   0  -1   0   0   0   1   1   0   0   0   0   1  -1   0   0   1   1   0  -1   0   0   0  -1  -1   0
  0   0   0  -1   0   0   0   0   1   1   0   0   0   0   0  -1   1  -1   1   1  -1   0   0   0  -1   0
 -1   0   0  -1   0  -1  -1   0  -1   0   0  -1   2   1   1  -2  -1   2   2   1   0   0   0   0   0   0
  0  -1  -1   0  -1   0   0  -1  -1   0   0  -1   2  -1   1   2   1   2  -2   1   0   0   0   0   0   0
 -1   0   0  -1  -1   0   0  -1   0  -1  -1   0   2   1  -1   2   1  -2   2   1   0   0   0   0   0   0
  0  -1  -1   0  -1   0   0  -1  -1   0   0  -1   1  -2   2   1   2   1  -1   2   0   0   0   0   0   0
 -1   0   0  -1   0  -1  -1   0  -1   0   0  -1   1   2   2  -1  -2   1   1   2   0   0   0   0   0   0
 -1   0   0  -1  -1   0   0  -1   0  -1  -1   0   1   2  -2   1   2  -1   1   2   0   0   0   0   0   0
  0  -1  -1   0   0  -1  -1   0   0  -1  -1   0  -1   2   2   1   2   1   1  -2   0   0   0   0   0   0
  0  -1  -1   0   0  -1  -1   0   0  -1  -1   0  -2   1   1   2   1   2   2  -1   0   0   0   0   0   0
 -1   2   1   2   0   1   1   2  -1   2   1   2  -1   1   1  -1   1   0   0  -4   0  -3   0  -3   0  -3
  0   1   1   2  -1   1   2   2  -1   1   2   2  -1   1   1   0   1   0  -1  -4   0  -3   0  -3   0  -3
 -1   1   2   2  -1   2   1   2   0   1   1   2  -1   1   1   0   1  -1   0  -4   0  -3   0  -3   0  -3
  2   2  -1   1  -1   2   1   2   1   2   0   1   1  -1   0  -4  -1   1   1   0  -3   0   0  -3   0  -3
 -1   1   2   2   2  -1   2   1   1   0   2   1   1  -1   0   1  -1   1  -4   0   0  -3   0  -3  -3   0
 -1   2   1   2   1   0   2   1   2  -1   2   1   1  -1  -1   1   0   1  -4   0   0  -3   0  -3  -3   0
  1   2  -1   2   1   0   2   1   2   1   2  -1   0   1  -4   0   1  -1  -1   1  -3   0   0  -3  -3   0
  1   2   0   1   1  -1   2   2   2   2   1  -1   0   1  -4  -1   1  -1   0   1  -3   0   0  -3  -3   0
  1   0   2   1   2   2   1  -1   1  -1   2   2   0   1   1  -1  -4  -1   0   1   0  -3  -3   0  -3   0
  2   1   2  -1   1   2   0   1   1   2  -1   2   0  -4   1   0   1  -1  -1   1  -3   0  -3   0   0  -3
  2   2   1  -1   1   2  -1   2   1   2   0   1   0  -4   1  -1   1   0  -1   1  -3   0  -3   0   0  -3
  1  -1   2   2   1   2  -1   2   0   1   1   2   1   0  -1   1   0  -4   1  -1   0  -3  -3   0   0  -3
  1  -1   2   2   2   1   2  -1   1   0   2   1   0   1   1  -1  -4   0  -1   1   0  -3  -3   0  -3   0
  2   1   1   0   2   2   1  -1   2   2   1  -1  -4  -1   0   1   0   1   1  -1  -3   0  -3   0  -3   0
  2   1   2  -1   2   1   1   0   2   1   2  -1  -4   0   0   1  -1   1   1  -1  -3   0  -3   0  -3   0
  2   2   1  -1   2   1   2  -1   2   1   1   0  -4   0  -1   1   0   1   1  -1  -3   0  -3   0  -3   0
  2  -1   2   1   2   1   1   0   2  -1   2   1  -1   1   1  -1  -4   0   0   1   0  -3  -3   0  -3   0
  2   1   1   0   2   2  -1   1   2   2  -1   1  -1  -4   1   0   1   0  -1   1  -3   0  -3   0   0  -3
  2   2  -1   1   2  -1   2   1   2   1   1   0  -1   1  -4   0   1  -1   0   1  -3   0   0  -3  -3   0
  2  -1   2   1   1   2   0   1  -1   2   1   2   1  -1  -1   1   0  -4   1   0   0  -3  -3   0   0  -3
  1   0   2   1   2   2  -1   1  -1   1   2   2   1   0  -1   1  -1  -4   1   0   0  -3  -3   0   0  -3
  0   1   1   2   1  -1   2   2   1  -1   2   2   1  -1   0   1   0   1  -4  -1   0  -3   0  -3  -3   0
  1   2  -1   2   0   1   1   2   1   2  -1   2   1   0   0  -4  -1   1   1  -1  -3   0   0  -3   0  -3
  1   2   0   1  -1   1   2   2   2   2  -1   1   1   0  -1  -4  -1   1   1   0  -3   0   0  -3   0  -3
  1   1   1  -1   0   0   0   0   0   0   0   0   0   0   0   0   0   0   0   0  -1   0  -1   0   0   0
  0   0   0   0   1   1   1  -1   0   0   0   0   0   0   0   0   0   0   0   0   0   0  -1   0  -1   0
  0   0   0   0   0   0   0   0   1   1   1  -1   0   0   0   0   0   0   0   0  -1   0   0   0  -1   0
  1  -1   1   1   0   0   0   0   0   0   0   0   0   0   0   0   0   0   0   0   0  -1  -1   0   0   0
  0   0   0   0   1   1  -1   1   0   0   0   0   0   0   0   0   0   0   0   0   0   0  -1   0   0  -1
  0   0   0   0   0   0   0   0   1   1  -1   1   0   0   0   0   0   0   0   0  -1   0   0   0   0  -1
  0   0   0   0   0   0   0   0   1  -1   1   1   0   0   0   0   0   0   0   0   0  -1   0   0  -1   0
  0   0   0   0   1  -1   1   1   0   0   0   0   0   0   0   0   0   0   0   0   0   0   0  -1  -1   0
  1   1  -1   1   0   0   0   0   0   0   0   0   0   0   0   0   0   0   0   0  -1   0   0  -1   0   0
 -1   1   1   1   0   0   0   0   0   0   0   0   0   0   0   0   0   0   0   0   0  -1   0  -1   0   0
  0   0   0   0  -1   1   1   1   0   0   0   0   0   0   0   0   0   0   0   0   0   0   0  -1   0  -1
  0   0   0   0   0   0   0   0  -1   1   1   1   0   0   0   0   0   0   0   0   0  -1   0   0   0  -1
