#:: H(A,B) H(A,b) H(B,a) H(a,b) H(A,C) H(A,c) H(C,a) H(a,c) H(B,C) H(B,c) H(C,b) H(b,c) H(A) H(a) H(B) H(b) H(C) H(c)
  0   1   0   0   0   0   0   0   0   0   0   0   0   0   0  -1   0   0
  0   0   0   0   0   1   0   0   0   0   0   0   0   0   0   0   0  -1
  0   0   0   0   0   0   0   0   0   1   0   0   0   0   0   0   0  -1
  0   0   0   0   0   0   0   0   0   0   1   0   0   0   0  -1   0   0
  0   0   0   0   0   0   1   0   0   0   0   0   0  -1   0   0   0   0
  0   0   0   0   1   0   0   0   0   0   0   0  -1   0   0   0   0   0
  1   0   0   0   0   0   0   0   0   0   0   0  -1   0   0   0   0   0
  1   0   0   0   0   0   0   0   0   0   0   0   0   0  -1   0   0   0
  0   0   0   0   1   0   0   0   0   0   0   0   0   0   0   0  -1   0
  0   0   0   0   0   0   0   0   1   0   0   0   0   0   0   0  -1   0
  0   0   0   0   0   0   0   0   1   0   0   0   0   0  -1   0   0   0
  0   0   1   0   0   0   0   0   0   0   0   0   0   0  -1   0   0   0
  0   0   0   0   0   0   1   0   0   0   0   0   0   0   0   0  -1   0
  0   0   0   0   0   0   0   0   0   0   1   0   0   0   0   0  -1   0
  0   0   0   0   0   0   0   0   0   1   0   0   0   0  -1   0   0   0
  0   0   0   0   0   1   0   0   0   0   0   0  -1   0   0   0   0   0
  0   0   0   0   0   0   0   1   0   0   0   0   0  -1   0   0   0   0
  0   0   0   1   0   0   0   0   0   0   0   0   0  -1   0   0   0   0
  0   0   0   1   0   0   0   0   0   0   0   0   0   0   0  -1   0   0
  0   0   0   0   0   0   0   1   0   0   0   0   0   0   0   0   0  -1
  0   0   0   0   0   0   0   0   0   0   0   1   0   0   0   0   0  -1
  0   0   0   0   0   0   0   0   0   0   0   1   0   0   0  -1   0   0
  0   1   0   0   0   0   0   0   0   0   0   0  -1   0   0   0   0   0
  0   0   1   0   0   0   0   0   0   0   0   0   0  -1   0   0   0   0
  0   0   0   0   0   0   0   0  -1   0   0   0   0   0   1   0   1   0
  0   0   0   0  -1   0   0   0   0   0   0   0   1   0   0   0   1   0
 -1   0   0   0   0   0   0   0   0   0   0   0   1   0   1   0   0   0
  0   0  -1   0   0   0   0   0   0   0   0   0   0   1   1   0   0   0
  0   0   0   0   0   0  -1   0   0   0   0   0   0   1   0   0   1   0
  0   0   0   0   0   0   0   0   0   0  -1   0   0   0   0   1   1   0
  0   0   0   0   0   0   0   0   0  -1   0   0   0   0   1   0   0   1
  0   0   0   0   0  -1   0   0   0   0   0   0   1   0   0   0   0   1
  0   0   0   0   0   0   0  -1   0   0   0   0   0   1   0   0   0   1
  0   0   0  -1   0   0   0   0   0   0   0   0   0   1   0   1   0   0
  0   0   0   0   0   0   0   0   0   0   0  -1   0   0   0   1   0   1
  0  -1   0   0   0   0   0   0   0   0   0   0   1   0   0   1   0   0
  0   1   0   0   1   0   0   0   0   0  -1   0  -1   0   0   0   0   0
  1   0   0   0   0   1   0   0   0  -1   0   0  -1   0   0   0   0   0
  1   0   0   0   0  -1   0   0   0   1   0   0   0   0  -1   0   0   0
  0  -1   0   0   1   0   0   0   0   0   1   0   0   0   0   0  -1   0
  0   0  -1   0   0   0   1   0   1   0   0   0   0   0   0   0  -1   0
 -1   0   0   0   1   0   0   0   1   0   0   0   0   0   0   0  -1   0
  1   0   0   0  -1   0   0   0   1   0   0   0   0   0  -1   0   0   0
  1   0   0   0   1   0   0   0  -1   0   0   0  -1   0   0   0   0   0
  0   0   1   0   0   0  -1   0   1   0   0   0   0   0  -1   0   0   0
  0   0   1   0   0   0   0   1   0  -1   0   0   0  -1   0   0   0   0
  0   0   0   1   0   0   1   0   0   0  -1   0   0  -1   0   0   0   0
  0   0   0   1   0   0  -1   0   0   0   1   0   0   0   0  -1   0   0
  0   0  -1   0   0   0   0   1   0   1   0   0   0   0   0   0   0  -1
  0  -1   0   0   0   1   0   0   0   0   0   1   0   0   0   0   0  -1
  0   0   0  -1   0   0   0   1   0   0   0   1   0   0   0   0   0  -1
  0   0   0   1   0   0   0  -1   0   0   0   1   0   0   0  -1   0   0
  0   0   0   1   0   0   0   1   0   0   0  -1   0  -1   0   0   0   0
  0   1   0   0   0  -1   0   0   0   0   0   1   0   0   0  -1   0   0
  0   1   0   0  -1   0   0   0   0   0   1   0   0   0   0  -1   0   0
 -1   0   0   0   0   1   0   0   0   1   0   0   0   0   0   0   0  -1
  0   1   0   0   0   1   0   0   0   0   0  -1  -1   0   0   0   0   0
  0   0   1   0   0   0   0  -1   0   1   0   0   0   0  -1   0   0   0
  0   0   0  -1   0   0   1   0   0   0   1   0   0   0   0   0  -1   0
  0   0   1   0   0   0   1   0  -1   0   0   0   0  -1   0   0   0   0
  0   0   0   0   1  -1   1   1   0   0   0   0   0  -1   0   0  -1   0
  1  -1   1   1   0   0   0   0   0   0   0   0   0  -1  -1   0   0   0
  1   1  -1   1   0   0   0   0   0   0   0   0  -1   0   0  -1   0   0
  0   0   0   0   1   1  -1   1   0   0   0   0  -1   0   0   0   0  -1
  0   0   0   0   0   0   0   0   1   1  -1   1   0   0  -1   0   0  -1
  0   0   0   0   0   0   0   0   1  -1   1   1   0   0   0  -1  -1   0
 -1   1   1   1   0   0   0   0   0   0   0   0   0  -1   0  -1   0   0
  0   0   0   0  -1   1   1   1   0   0   0   0   0  -1   0   0   0  -1
  0   0   0   0   0   0   0   0  -1   1   1   1   0   0   0  -1   0  -1
  1   1   1  -1   0   0   0   0   0   0   0   0  -1   0  -1   0   0   0
  0   0   0   0   1   1   1  -1   0   0   0   0  -1   0   0   0  -1   0
  0   0   0   0   0   0   0   0   1   1   1  -1   0   0  -1   0  -1   0
  0   1   0  -1   1  -1   1   1   0   0   0   1   0  -1   0  -1  -1   0
  1  -1   1   1   0   1   0  -1   0   0   0   1   0  -1  -1   0   0  -1
  1   1  -1   1   0   0   0   1   0   1   0  -1  -1   0   0  -1   0  -1
  0   0   0   1   1   1  -1   1   0   0   1  -1  -1   0   0  -1   0  -1
  0   0   0   1   0   0   1  -1   1   1  -1   1   0  -1  -1   0   0  -1
  0   1   0   0   1  -1   0   0   1   1  -1   1  -1   0  -1   0   0  -1
  1  -1   0   0   0   1   0   0   1  -1   1   1  -1   0   0  -1  -1   0
  1   0  -1   0   1  -1   1   1   0   1   0   0   0  -1  -1   0  -1   0
  1  -1   1   1   1   0  -1   0   0   0   1   0   0  -1  -1   0  -1   0
  1   1  -1   1   0   0   1   0   1   0  -1   0  -1   0   0  -1  -1   0
 -1   1   1   1   1   0   0   0   1   0  -1   0   0  -1   0  -1  -1   0
  1   0   0   0  -1   1   1   1   1  -1   0   0   0  -1  -1   0   0  -1
  1   0   0   0   1  -1   0   0  -1   1   1   1  -1   0   0  -1   0  -1
  1  -1   0   0   1   0   0   0  -1   1   1   1  -1   0   0  -1   0  -1
  1   0  -1   0  -1   1   1   1   1   0   0   0   0  -1  -1   0   0  -1
 -1   0   1   0   1   1  -1   1   1   0   0   0  -1   0  -1   0   0  -1
  1   1  -1   1  -1   0   1   0   1   0   0   0  -1   0   0  -1  -1   0
  1  -1   1   1   1   0   0   0  -1   0   1   0   0  -1  -1   0  -1   0
  1   0   0   0   1  -1   1   1  -1   1   0   0   0  -1  -1   0  -1   0
  1   0   0   0  -1   1   0   0   1  -1   1   1  -1   0   0  -1  -1   0
  0   0   1   0   0   0  -1   1   1  -1   1   1   0  -1   0  -1  -1   0
  0   0  -1   1   0   0   1   0   1   1  -1   1   0  -1  -1   0   0  -1
  0  -1   0   1   1   1  -1   1   0   0   1   0  -1   0   0  -1   0  -1
  1   1  -1   1   0  -1   0   1   0   1   0   0  -1   0   0  -1   0  -1
  1  -1   1   1   0   1   0   0   0  -1   0   1   0  -1  -1   0   0  -1
  1   1   1  -1   0   0   0   1   0  -1   0   1  -1   0  -1   0   0  -1
  0   0   0   1   1   1   1  -1   0   0  -1   1  -1   0   0  -1  -1   0
  0   0   0   1   0   0  -1   1   1   1   1  -1   0  -1  -1   0  -1   0
  0   0  -1   1   0   0   0   1   1   1   1  -1   0  -1  -1   0  -1   0
 -1   1   0   0   0   1   0   0   1   1   1  -1  -1   0  -1   0  -1   0
  0   1   0   0  -1   1   0   0   1   1   1  -1  -1   0  -1   0  -1   0
 -1   1   1   1   0   1   0  -1   0   1   0   0   0  -1   0  -1   0  -1
  0   1   0  -1  -1   1   1   1   0   0   1   0   0  -1   0  -1   0  -1
  0   1   0   0   1  -1   1   1   0   0  -1   1   0  -1   0  -1  -1   0
  0   0   1   0   1   1   1  -1  -1   1   0   0  -1   0  -1   0  -1   0
  1   1   1  -1   0   0   1   0  -1   0   1   0  -1   0  -1   0  -1   0
 -1   1   0   0   1   0   0   0   1   1  -1   1  -1   0  -1   0   0  -1
  0   0   1  -1   0   0   1   0  -1   1   1   1   0  -1   0  -1   0  -1
  0   0   1   0   0   0   1  -1  -1   1   1   1   0  -1   0  -1   0  -1
 -1   1   1   1   1   0  -1   0   1   0   0   0   0  -1   0  -1  -1   0
  1   1   1  -1  -1   0   1   0   0   0   1   0  -1   0  -1   0  -1   0
 -1   0   1   0   1   1   1  -1   0   1   0   0  -1   0  -1   0  -1   0
  0   0   1   0   1   1  -1   1   1  -1   0   0  -1   0  -1   0   0  -1
  0   1   0   0  -1   1   1   1   0   0   1  -1   0  -1   0  -1   0  -1
 -1   1   1   1   0   1   0   0   0   1   0  -1   0  -1   0  -1   0  -1
  1   1   1  -1   0  -1   0   1   0   0   0   1  -1   0  -1   0   0  -1
  0   0   1  -1   0   0   0   1   1  -1   1   1   0  -1   0  -1  -1   0
  0  -1   0   1   1   1   1  -1   0   0   0   1  -1   0   0  -1  -1   0
  0   1   0   1   1  -1   1   1   0   0  -1   0   0  -1   0  -1  -1   0
  1  -1   1   1   0   1   0   1   0  -1   0   0   0  -1  -1   0   0  -1
  1   1  -1   1   0  -1   0   0   0   1   0   1  -1   0   0  -1   0  -1
  0  -1   0   0   1   1  -1   1   0   0   1   1  -1   0   0  -1   0  -1
  0   0  -1   0   0   0   1   1   1   1  -1   1   0  -1  -1   0   0  -1
 -1   0   0   0   1   1   0   0   1   1  -1   1  -1   0  -1   0   0  -1
  1   1   0   0  -1   0   0   0   1  -1   1   1  -1   0   0  -1  -1   0
  1   0   1   0   1  -1   1   1  -1   0   0   0   0  -1  -1   0  -1   0
  1  -1   1   1   1   0   1   0  -1   0   0   0   0  -1  -1   0  -1   0
  1   1  -1   1  -1   0   0   0   1   0   1   0  -1   0   0  -1  -1   0
 -1   1   1   1   0   0  -1   0   1   0   1   0   0  -1   0  -1  -1   0
  0   0  -1   0  -1   1   1   1   1   1   0   0   0  -1  -1   0   0  -1
  0  -1   0   0   1   1   0   0  -1   1   1   1  -1   0   0  -1   0  -1
  1   1   0   0   0  -1   0   0  -1   1   1   1  -1   0   0  -1   0  -1
  1   0   1   0  -1   1   1   1   0  -1   0   0   0  -1  -1   0   0  -1
  1   0   1   0   1   1  -1   1   0  -1   0   0  -1   0  -1   0   0  -1
  1   1  -1   1   1   0   1   0   0   0  -1   0  -1   0   0  -1  -1   0
  1  -1   1   1   0   0  -1   0   1   0   1   0   0  -1  -1   0  -1   0
  0   0  -1   0   1  -1   1   1   1   1   0   0   0  -1  -1   0  -1   0
  0  -1   0   0   1   1   0   0   1  -1   1   1  -1   0   0  -1  -1   0
  0   0   0  -1   0   0   1   1   1  -1   1   1   0  -1   0  -1  -1   0
  0   0   1   1   0   0   0  -1   1   1  -1   1   0  -1  -1   0   0  -1
  0   1   0   1   1   1  -1   1   0   0   0  -1  -1   0   0  -1   0  -1
  1   1  -1   1   0   1   0   1   0   0   0  -1  -1   0   0  -1   0  -1
  1  -1   1   1   0   0   0  -1   0   1   0   1   0  -1  -1   0   0  -1
  1   1   1  -1   0  -1   0   0   0   1   0   1  -1   0  -1   0   0  -1
  0  -1   0   0   1   1   1  -1   0   0   1   1  -1   0   0  -1  -1   0
  0   0  -1   0   0   0   1   1   1   1   1  -1   0  -1  -1   0  -1   0
  0   0   1   1   0   0  -1   0   1   1   1  -1   0  -1  -1   0  -1   0
  1   1   0   0  -1   0   0   0   1   1   1  -1  -1   0  -1   0  -1   0
 -1   0   0   0   1   1   0   0   1   1   1  -1  -1   0  -1   0  -1   0
 -1   1   1   1   0   1   0   1   0   0   0  -1   0  -1   0  -1   0  -1
  0   1   0   1  -1   1   1   1   0   0   0  -1   0  -1   0  -1   0  -1
  0   0   0  -1   1  -1   1   1   0   0   1   1   0  -1   0  -1  -1   0
 -1   0   0   0   1   1   1  -1   1   1   0   0  -1   0  -1   0  -1   0
  1   1   1  -1  -1   0   0   0   1   0   1   0  -1   0  -1   0  -1   0
  1   1   0   0   0  -1   0   0   1   1  -1   1  -1   0  -1   0   0  -1
  0   0   1   1   0   0   0  -1  -1   1   1   1   0  -1   0  -1   0  -1
  0   0   0  -1   0   0   1   1  -1   1   1   1   0  -1   0  -1   0  -1
 -1   1   1   1   1   0   1   0   0   0  -1   0   0  -1   0  -1  -1   0
  1   1   1  -1   1   0   1   0  -1   0   0   0  -1   0  -1   0  -1   0
  1   0   1   0   1   1   1  -1  -1   0   0   0  -1   0  -1   0  -1   0
 -1   0   0   0   1   1  -1   1   1   1   0   0  -1   0  -1   0   0  -1
  0   0   0  -1  -1   1   1   1   0   0   1   1   0  -1   0  -1   0  -1
 -1   1   1   1   0   0   0  -1   0   1   0   1   0  -1   0  -1   0  -1
  1   1   1  -1   0   1   0   1   0  -1   0   0  -1   0  -1   0   0  -1
  0   0   1   1   0   0  -1   0   1  -1   1   1   0  -1   0  -1  -1   0
  0   1   0   1   1   1   1  -1   0   0  -1   0  -1   0   0  -1  -1   0
  0   1   0   0  -1   1   1   1   0   0   1  -1  -1  -1   0   0  -1   0
 -1   1   1   1   0   1   0   0   0   1   0  -1  -1  -1  -1   0   0   0
 -1   1   1   1   0   1   0  -1   0   1   0   0  -1   0  -1  -1   0   0
  0   1   0  -1  -1   1   1   1   0   0   1   0  -1   0   0   0  -1  -1
  0   0   1  -1   0   0   1   0  -1   1   1   1   0   0  -1   0  -1  -1
  1  -1   0   0   1   0   0   0  -1   1   1   1   0   0  -1   0  -1  -1
  1   0   0   0   1  -1   0   0  -1   1   1   1   0   0  -1  -1  -1   0
  1   0   0   0  -1   1   1   1   1  -1   0   0  -1  -1   0   0  -1   0
 -1   1   1   1   1   0   0   0   1   0  -1   0  -1  -1  -1   0   0   0
 -1   1   1   1   1   0  -1   0   1   0   0   0  -1   0  -1  -1   0   0
  1   1  -1   1  -1   0   1   0   1   0   0   0   0  -1  -1  -1   0   0
 -1   0   1   0   1   1  -1   1   1   0   0   0   0  -1   0   0  -1  -1
 -1   1   0   0   1   0   0   0   1   1  -1   1   0   0   0  -1  -1  -1
  1   0   0   0  -1   1   0   0   1  -1   1   1   0   0  -1  -1   0  -1
  1   0   0   0   1  -1   1   1  -1   1   0   0  -1  -1   0   0   0  -1
  0   0   1   0   1   1   1  -1  -1   1   0   0  -1  -1   0   0   0  -1
  1   1   1  -1   0   0   1   0  -1   0   1   0  -1  -1   0  -1   0   0
  1   1   1  -1  -1   0   1   0   0   0   1   0   0  -1  -1  -1   0   0
 -1   0   1   0   1   1   1  -1   0   1   0   0   0  -1   0   0  -1  -1
 -1   1   0   0   0   1   0   0   1   1   1  -1   0   0   0  -1  -1  -1
  0   0  -1   1   0   0   0   1   1   1   1  -1   0   0   0  -1  -1  -1
  0   0   0   1   0   0  -1   1   1   1   1  -1   0   0  -1  -1   0  -1
  0   0   0   1   1   1   1  -1   0   0  -1   1  -1  -1   0   0   0  -1
  1   1   1  -1   0   0   0   1   0  -1   0   1  -1  -1   0  -1   0   0
  1   1   1  -1   0  -1   0   1   0   0   0   1   0  -1  -1  -1   0   0
  1  -1   1   1   0   1   0  -1   0   0   0   1  -1   0  -1  -1   0   0
  0   1   0  -1   1  -1   1   1   0   0   0   1  -1   0   0   0  -1  -1
  0   0   1  -1   0   0   0   1   1  -1   1   1   0   0  -1   0  -1  -1
  0   0   0   1   0   0   1  -1   1   1  -1   1   0   0  -1  -1  -1   0
  0   1   0   0   1  -1   0   0   1   1  -1   1   0   0  -1  -1  -1   0
  1  -1   0   0   0   1   0   0   1  -1   1   1   0   0  -1   0  -1  -1
  1  -1   1   1   0   1   0   0   0  -1   0   1  -1  -1   0  -1   0   0
  0   1   0   0   1  -1   1   1   0   0  -1   1  -1  -1   0   0   0  -1
  0  -1   0   1   1   1   1  -1   0   0   0   1   0  -1   0   0  -1  -1
  1   0  -1   0   1  -1   1   1   0   1   0   0  -1   0   0   0  -1  -1
  1  -1   1   1   1   0  -1   0   0   0   1   0  -1   0  -1  -1   0   0
  0   1   0   0  -1   1   0   0   1   1   1  -1   0   0  -1  -1   0  -1
  0   0   1   0   0   0  -1   1   1  -1   1   1   0   0  -1  -1   0  -1
  0   0  -1   1   0   0   1   0   1   1  -1   1   0   0   0  -1  -1  -1
  1  -1   1   1   1   0   0   0  -1   0   1   0  -1  -1   0  -1   0   0
  1   1  -1   1   0   0   1   0   1   0  -1   0  -1  -1  -1   0   0   0
  0   0   1   0   1   1  -1   1   1  -1   0   0  -1  -1   0   0  -1   0
  1   0  -1   0  -1   1   1   1   1   0   0   0  -1   0   0   0  -1  -1
  0  -1   0   1   1   1  -1   1   0   0   1   0   0  -1   0   0  -1  -1
  1   1  -1   1   0  -1   0   1   0   1   0   0   0  -1  -1  -1   0   0
  1   1  -1   1   0   0   0   1   0   1   0  -1  -1  -1  -1   0   0   0
  0   0   1   0   0   0   1  -1  -1   1   1   1   0   0  -1  -1  -1   0
  0   0   0   1   1   1  -1   1   0   0   1  -1  -1  -1   0   0  -1   0
  1   1  -1   1  -1   1   1   1   1   0   0  -1  -2  -1   0   0  -1   0
 -1   1   1   1   1   1  -1   1   1   0   0  -1  -2  -1  -1   0   0   0
 -1   1   1   1   1   0   0  -1   1   1  -1   1  -1   0  -2  -1   0   0
  1   0   0  -1  -1   1   1   1   1  -1   1   1  -1   0   0   0  -2  -1
  1   0   0  -1   1  -1   1   1  -1   1   1   1   0   0  -1   0  -2  -1
  0  -1   1   0   1   1   1  -1  -1   1   1   1   0   0  -1   0  -2  -1
  1   1   1  -1   0  -1   1   0  -1   1   1   1   0   0  -2  -1  -1   0
  1   1   1  -1  -1   1   1   1   0  -1   1   0  -2  -1   0   0  -1   0
 -1   1   1   1   1   1   1  -1   0   1  -1   0  -2  -1  -1   0   0   0
 -1   1   1   1   0   1  -1   0   1   1   1  -1  -1   0  -2  -1   0   0
  1   1  -1   1  -1   0   0   1   1   1   1  -1   0  -1  -2  -1   0   0
 -1   0   0   1   1   1  -1   1   1   1   1  -1   0  -1   0   0  -2  -1
 -1   0   0   1   1   1   1  -1   1   1  -1   1   0   0   0  -1  -2  -1
  1   1   1  -1  -1   0   0   1   1  -1   1   1   0   0  -2  -1   0  -1
  1   1   1  -1   1  -1   1   1  -1   0   0   1  -2  -1   0   0   0  -1
  1  -1   1   1   1   1   1  -1  -1   0   0   1  -1  -2   0   0   0  -1
  1   1   1  -1   1  -1   1   1  -1   0   0   1  -1  -2   0  -1   0   0
  1   1   1  -1  -1   0   0   1   1  -1   1   1   0  -1  -1  -2   0   0
 -1   0   0   1   1   1   1  -1   1   1  -1   1   0  -1   0   0  -1  -2
 -1   0   0   1   1   1  -1   1   1   1   1  -1   0   0   0  -1  -1  -2
  0   1  -1   0  -1   1   1   1   1   1   1  -1   0   0   0  -1  -1  -2
 -1   1   1   1   0   1  -1   0   1   1   1  -1   0   0  -1  -2   0  -1
 -1   1   1   1   1   1   1  -1   0   1  -1   0  -1  -2   0   0   0  -1
  1   1   1  -1  -1   1   1   1   0  -1   1   0  -1  -2   0  -1   0   0
  1   1   1  -1   0  -1   1   0  -1   1   1   1   0  -1  -1  -2   0   0
  1  -1   1   1   1   0   0  -1  -1   1   1   1  -1   0  -1  -2   0   0
  1   0   0  -1   1  -1   1   1  -1   1   1   1  -1   0   0   0  -1  -2
  1   0   0  -1  -1   1   1   1   1  -1   1   1   0   0  -1   0  -1  -2
 -1   1   1   1   1   0   0  -1   1   1  -1   1   0   0  -1  -2  -1   0
  1   1  -1   1   0  -1   1   0   1   1  -1   1   0   0  -1  -2  -1   0
  0  -1   1   0   1   1  -1   1   1  -1   1   1   0   0  -1   0  -1  -2
  1  -1   1   1   1   1  -1   1   0  -1   1   0  -2  -1   0  -1   0   0
  1   1  -1   1   1  -1   1   1   0   1  -1   0  -2  -1   0   0   0  -1
  0  -1   1   0   1   1   1  -1  -1   1   1   1   0  -1   0   0  -1  -2
  0   1  -1   0   1  -1   1   1   1   1  -1   1  -1   0   0   0  -1  -2
  1  -1   1   1   0   1  -1   0   1  -1   1   1  -1   0  -1  -2   0   0
  1   1  -1   1  -1   0   0   1   1   1   1  -1   0   0  -1  -2   0  -1
  1  -1   1   1   0   1  -1   0   1  -1   1   1   0   0  -2  -1   0  -1
  0   1  -1   0   1  -1   1   1   1   1  -1   1   0   0   0  -1  -2  -1
  1  -1   1   1   1   1   1  -1  -1   0   0   1  -2  -1   0  -1   0   0
  1   1  -1   1   1  -1   1   1   0   1  -1   0  -1  -2  -1   0   0   0
  1  -1   1   1   1   1  -1   1   0  -1   1   0  -1  -2   0   0  -1   0
  0   1  -1   0  -1   1   1   1   1   1   1  -1  -1   0   0   0  -2  -1
  0  -1   1   0   1   1  -1   1   1  -1   1   1   0  -1   0   0  -2  -1
  1   1  -1   1   0  -1   1   0   1   1  -1   1   0  -1  -2  -1   0   0
  1   1  -1   1  -1   1   1   1   1   0   0  -1  -1  -2  -1   0   0   0
  1  -1   1   1   1   0   0  -1  -1   1   1   1   0   0  -2  -1  -1   0
 -1   1   1   1   1   1  -1   1   1   0   0  -1  -1  -2   0   0  -1   0
  1   2  -1   1  -2   1   1   1   2   1   1  -2  -2  -1  -1   0  -2   0
 -2   1   1   1   1   2  -1   1   2   1   1  -2  -2  -1  -2   0  -1   0
 -2   1   1   1   2   1   1  -2   1   2  -1   1  -2   0  -2  -1  -1   0
  2   1   1  -2  -2   1   1   1   1  -1   2   1  -2   0  -1   0  -2  -1
  2   1   1  -2   1  -1   2   1  -2   1   1   1  -1   0  -2   0  -2  -1
  1  -2   2   1   2   1   1  -1  -2   1   1   1   0  -1  -2   0  -2  -1
  2   1   1  -1   1  -2   2   1  -2   1   1   1   0  -1  -2  -1  -2   0
  2   1   1  -1  -2   1   1   1   1  -2   2   1  -2  -1   0  -1  -2   0
 -2   1   1   1   2   1   1  -1   1   2  -2   1  -2  -1  -2   0   0  -1
 -2   1   1   1   1   2  -2   1   2   1   1  -1  -2   0  -2  -1   0  -1
  1   1  -2   1  -2   1   1   2   2   1   1  -1   0  -2  -2  -1   0  -1
 -2   1   1   2   1   1  -2   1   2   1   1  -1   0  -2   0  -1  -2  -1
 -2   1   1   2   2   1   1  -1   1   1  -2   1   0  -1   0  -2  -2  -1
  2   1   1  -1  -2   1   1   2   1  -2   1   1   0  -1  -2  -1   0  -2
  2   1   1  -1   1  -2   1   1  -2   1   1   2  -2  -1   0  -1   0  -2
  1  -1   2   1   1   1   1  -2  -2   1   1   2  -1  -2   0  -1   0  -2
  1   1   1  -2   1  -1   2   1  -2   1   1   2  -1  -2   0  -2   0  -1
  1   1   1  -2  -2   1   1   2   1  -1   2   1   0  -2  -1  -2   0  -1
 -2   1   1   2   1   1   1  -2   1   2  -1   1   0  -2   0  -1  -1  -2
 -2   1   1   2   1   2  -1   1   1   1   1  -2   0  -1   0  -2  -1  -2
  1   2  -2   1  -1   1   1   2   1   1   1  -2  -1   0   0  -2  -1  -2
 -1   1   1   2   1   2  -2   1   1   1   1  -2  -1   0  -1  -2   0  -2
 -1   1   1   2   1   1   1  -2   1   2  -2   1  -1  -2  -1   0   0  -2
  1   1   1  -2  -1   1   1   2   1  -2   2   1  -1  -2   0  -2  -1   0
  1   1   1  -2   1  -2   2   1  -1   1   1   2   0  -2  -1  -2  -1   0
  1  -2   1   1   2   1   1  -2  -1   1   1   2  -2   0  -1  -2  -1   0
  2   1   1  -2   1  -2   1   1  -1   1   1   2  -2   0  -1   0  -1  -2
  2   1   1  -2  -1   1   1   2   1  -2   1   1  -1   0  -2   0  -1  -2
 -1   1   1   2   2   1   1  -2   1   1  -2   1  -1   0  -1  -2  -2   0
  1   2  -1   1   1  -2   2   1   1   1  -2   1   0  -1  -1  -2  -2   0
  1  -2   2   1   1   2  -1   1   1  -2   1   1   0  -1  -2   0  -1  -2
  1  -2   1   1   1   2  -1   1   1  -2   2   1  -2  -1   0  -2  -1   0
  1   2  -1   1   1  -2   1   1   1   2  -2   1  -2  -1  -1   0   0  -2
  1  -2   2   1   1   1   1  -2  -1   1   1   2   0  -2  -1   0  -1  -2
  1   2  -2   1   1  -2   1   1   1   2  -1   1  -2   0   0  -1  -1  -2
  1  -2   1   1   1   2  -2   1   1  -1   2   1  -2   0  -1  -2   0  -1
  1   2  -1   1  -2   1   1   2   1   1   1  -2   0  -1  -1  -2   0  -2
  1  -1   2   1   1   2  -2   1   1  -2   1   1  -1   0  -2  -1   0  -2
  1   2  -2   1   1  -1   2   1   1   1  -2   1  -1   0   0  -2  -2  -1
  1  -2   1   1   2   1   1  -1  -2   1   1   2  -2  -1   0  -2   0  -1
  1   1  -2   1   1  -1   2   1   1   2  -2   1  -1  -2  -2   0   0  -1
  1  -1   2   1   1   1  -2   1   1  -2   2   1  -1  -2   0  -1  -2   0
  1   2  -2   1  -2   1   1   1   2   1   1  -1  -2   0   0  -1  -2  -1
  1  -2   2   1   1   1  -2   1   1  -1   2   1   0  -2  -1   0  -2  -1
  1   1  -2   1   1  -2   2   1   1   2  -1   1   0  -2  -2  -1  -1   0
  1   1  -2   1  -1   1   1   2   2   1   1  -2  -1  -2  -2   0  -1   0
  1  -1   2   1   2   1   1  -2  -2   1   1   1  -1   0  -2  -1  -2   0
 -1   1   1   2   1   1  -2   1   2   1   1  -2  -1  -2  -1   0  -2   0
  1   1  -1   1  -1   0   1   1   1   1   0  -1  -1  -1  -1   0  -1   0
 -1   0   1   1   1   1  -1   1   1   0   1  -1  -1  -1  -1   0  -1   0
 -1   1   0   1   1   0   1  -1   1   1  -1   1  -1   0  -1  -1  -1   0
  1   0   1  -1  -1   1   0   1   1  -1   1   1  -1   0  -1   0  -1  -1
  1   1   0  -1   1  -1   1   1  -1   1   0   1  -1   0  -1   0  -1  -1
  0  -1   1   1   1   1   1  -1  -1   1   0   1   0  -1  -1   0  -1  -1
  1   1   1  -1   0  -1   1   1  -1   0   1   1   0  -1  -1  -1  -1   0
  1   1   1  -1  -1   0   1   1   0  -1   1   1  -1  -1   0  -1  -1   0
 -1   0   1   1   1   1   1  -1   0   1  -1   1  -1  -1  -1   0   0  -1
 -1   1   0   1   0   1  -1   1   1   1   1  -1  -1   0  -1  -1   0  -1
  0   1  -1   1  -1   1   0   1   1   1   1  -1   0  -1  -1  -1   0  -1
 -1   1   0   1   0   1  -1   1   1   1   1  -1   0  -1   0  -1  -1  -1
 -1   0   1   1   1   1   1  -1   0   1  -1   1   0  -1   0  -1  -1  -1
  1   1   1  -1  -1   0   1   1   0  -1   1   1   0  -1  -1  -1   0  -1
  1   1   1  -1   0  -1   1   1  -1   0   1   1  -1  -1   0  -1   0  -1
  1  -1   1   1   1   1   0  -1  -1   0   1   1  -1  -1   0  -1   0  -1
  1   1   0  -1   1  -1   1   1  -1   1   0   1  -1  -1   0  -1   0  -1
  1   0   1  -1  -1   1   0   1   1  -1   1   1   0  -1  -1  -1   0  -1
 -1   1   0   1   1   0   1  -1   1   1  -1   1   0  -1   0  -1  -1  -1
 -1   0   1   1   1   1  -1   1   1   0   1  -1   0  -1   0  -1  -1  -1
  1   1  -1   0  -1   1   1   1   1   0   1  -1  -1   0   0  -1  -1  -1
 -1   1   1   1   1   1  -1   0   1   1   0  -1  -1   0  -1  -1   0  -1
 -1   1   1   1   1   1   0  -1   1   1  -1   0  -1  -1  -1   0   0  -1
  1   1   0  -1  -1   1   1   1   1  -1   1   0  -1  -1   0  -1  -1   0
  1   0   1  -1   1  -1   1   0  -1   1   1   1   0  -1  -1  -1  -1   0
  1  -1   1   0   1   0   1  -1  -1   1   1   1  -1   0  -1  -1  -1   0
  1   0   1  -1   1  -1   1   0  -1   1   1   1  -1   0  -1   0  -1  -1
  1   1   0  -1  -1   1   1   1   1  -1   1   0  -1   0  -1   0  -1  -1
 -1   1   1   1   1   1   0  -1   1   1  -1   0  -1   0  -1  -1  -1   0
  1   1  -1   1   0  -1   1   1   1   1  -1   0   0  -1  -1  -1  -1   0
  0  -1   1   1   1   1  -1   1   1  -1   1   0   0  -1  -1   0  -1  -1
  0  -1   1   1   1   1  -1   1   1  -1   1   0  -1  -1   0  -1  -1   0
  1   1  -1   1   0  -1   1   1   1   1  -1   0  -1  -1  -1   0   0  -1
  1  -1   1   0   1   0   1  -1  -1   1   1   1   0  -1  -1   0  -1  -1
  0   1  -1   1   1  -1   1   0   1   1  -1   1  -1   0   0  -1  -1  -1
  1  -1   1   0   0   1  -1   1   1  -1   1   1  -1   0  -1  -1   0  -1
  1   1  -1   1  -1   0   1   1   1   1   0  -1   0  -1  -1  -1   0  -1
  1  -1   1   1   1   1  -1   0   0  -1   1   1  -1   0  -1  -1   0  -1
  1   1  -1   0   1  -1   1   1   0   1  -1   1  -1   0   0  -1  -1  -1
  0  -1   1   1   1   1   1  -1  -1   1   0   1  -1  -1   0  -1   0  -1
  1   1  -1   0   1  -1   1   1   0   1  -1   1  -1  -1  -1   0   0  -1
  1  -1   1   1   1   1  -1   0   0  -1   1   1  -1  -1   0  -1  -1   0
  0   1  -1   1  -1   1   0   1   1   1   1  -1  -1   0   0  -1  -1  -1
  1  -1   1   0   0   1  -1   1   1  -1   1   1   0  -1  -1   0  -1  -1
  0   1  -1   1   1  -1   1   0   1   1  -1   1   0  -1  -1  -1  -1   0
  1   1  -1   0  -1   1   1   1   1   0   1  -1  -1  -1  -1   0  -1   0
  1  -1   1   1   1   1   0  -1  -1   0   1   1  -1   0  -1  -1  -1   0
 -1   1   1   1   1   1  -1   0   1   1   0  -1  -1  -1  -1   0  -1   0
 -1   0   0   0   1   1   1  -1   1   1   0   0   0   0   0   0  -2  -1
  1   1   1  -1  -1   0   0   0   1   0   1   0   0   0  -2  -1   0   0
  1   1   1  -1   1   0   1   0  -1   0   0   0  -2  -1   0   0   0   0
  1   0   1   0   1   1   1  -1  -1   0   0   0  -2  -1   0   0   0   0
  1   1   0   0  -1   0   0   0   1   1   1  -1   0   0  -2  -1   0   0
  0   0   1   1   0   0  -1   0   1   1   1  -1   0   0  -2  -1   0   0
  0   0  -1   0   0   0   1   1   1   1   1  -1   0   0   0   0  -2  -1
  0  -1   0   0   1   1   1  -1   0   0   1   1   0   0   0   0  -2  -1
  1   1   1  -1   0  -1   0   0   0   1   0   1   0   0  -2  -1   0   0
  1   1   1  -1   0   1   0   1   0  -1   0   0  -2  -1   0   0   0   0
  1  -1   1   1   0   1   0   1   0  -1   0   0  -1  -2   0   0   0   0
  0   1   0   1   1  -1   1   1   0   0  -1   0  -1  -2   0   0   0   0
  0   0   1   1   0   0  -1   0   1  -1   1   1   0   0  -1  -2   0   0
  0   0  -1   0   0   0   1   1   1   1  -1   1   0   0   0   0  -1  -2
  0  -1   0   0   1   1  -1   1   0   0   1   1   0   0   0   0  -1  -2
  0   0   0  -1  -1   1   1   1   0   0   1   1   0   0   0   0  -1  -2
 -1   1   1   1   0   0   0  -1   0   1   0   1   0   0  -1  -2   0   0
 -1   1   1   1   0   1   0   1   0   0   0  -1  -1  -2   0   0   0   0
  0   1   0   1  -1   1   1   1   0   0   0  -1  -1  -2   0   0   0   0
  0   0   1   1   0   0   0  -1  -1   1   1   1   0   0  -1  -2   0   0
  1   1   0   0   0  -1   0   0  -1   1   1   1   0   0  -1  -2   0   0
  0  -1   0   0   1   1   0   0  -1   1   1   1   0   0   0   0  -1  -2
  0   0  -1   0  -1   1   1   1   1   1   0   0   0   0   0   0  -1  -2
 -1   1   1   1   0   0  -1   0   1   0   1   0   0   0  -1  -2   0   0
 -1   1   1   1   1   0   1   0   0   0  -1   0  -1  -2   0   0   0   0
  1   1  -1   1   1   0   1   0   0   0  -1   0  -2  -1   0   0   0   0
  1   0   1   0   1   1  -1   1   0  -1   0   0  -2  -1   0   0   0   0
  1   1   0   0   0  -1   0   0   1   1  -1   1   0   0  -2  -1   0   0
  0  -1   0   0   1   1   0   0   1  -1   1   1   0   0   0   0  -2  -1
  0   0   0  -1   0   0   1   1   1  -1   1   1   0   0   0   0  -2  -1
  0   0   1   1   0   0   0  -1   1   1  -1   1   0   0  -2  -1   0   0
  1   1  -1   1  -1   0   0   0   1   0   1   0   0   0  -1  -2   0   0
 -1   0   0   0   1   1  -1   1   1   1   0   0   0   0   0   0  -1  -2
  1   0   1   0  -1   1   1   1   0  -1   0   0  -1  -2   0   0   0   0
  0   1   0   1   1   1  -1   1   0   0   0  -1  -2  -1   0   0   0   0
  1   1  -1   1   0   1   0   1   0   0   0  -1  -2  -1   0   0   0   0
  0   0   0  -1   0   0   1   1  -1   1   1   1   0   0   0   0  -1  -2
 -1   0   0   0   1   1   0   0   1   1  -1   1   0   0   0   0  -1  -2
  1   1   0   0  -1   0   0   0   1  -1   1   1   0   0  -1  -2   0   0
  1   1  -1   1   0  -1   0   0   0   1   0   1   0   0  -1  -2   0   0
  1  -1   1   1   0   0   0  -1   0   1   0   1   0   0  -2  -1   0   0
  0   0   0  -1   1  -1   1   1   0   0   1   1   0   0   0   0  -2  -1
  0   1   0   1   1   1   1  -1   0   0  -1   0  -2  -1   0   0   0   0
  1   0   1   0   1  -1   1   1  -1   0   0   0  -1  -2   0   0   0   0
  1  -1   1   1   1   0   1   0  -1   0   0   0  -1  -2   0   0   0   0
  1  -1   1   1   0   0  -1   0   1   0   1   0   0   0  -2  -1   0   0
 -1   0   0   0   1   1   0   0   1   1   1  -1   0   0   0   0  -2  -1
  0   0  -1   0   1  -1   1   1   1   1   0   0   0   0   0   0  -2  -1
  0   1  -1   1  -1   1   1   1   1   1   0  -1  -1  -1   0   0  -1  -1
 -1   1   1   1   0   1  -1   1   1   0   1  -1  -1  -1  -1  -1   0   0
 -1   1   1   1   1   0   1  -1   0   1  -1   1  -1  -1  -1  -1   0   0
  1   0   1  -1  -1   1   1   1   0  -1   1   1  -1  -1   0   0  -1  -1
  1   1   0  -1   0  -1   1   1  -1   1   1   1   0   0  -1  -1  -1  -1
  0  -1   1   1   1   1   0  -1  -1   1   1   1   0   0  -1  -1  -1  -1
  1   1  -1   1  -1   1   0   1   1   0   1  -1  -1  -1  -1  -1   0   0
 -1   1   0   1   1   1  -1   1   1   1   0  -1  -1  -1   0   0  -1  -1
 -1   0   1   1   1   1   0  -1   1   1  -1   1   0   0  -1  -1  -1  -1
  1   1   0  -1  -1   0   1   1   1  -1   1   1   0   0  -1  -1  -1  -1
  1   0   1  -1   1  -1   1   1  -1   0   1   1  -1  -1   0   0  -1  -1
  1  -1   1   0   1   1   1  -1  -1   0   1   1  -1  -1   0   0  -1  -1
  1   1   1  -1   1  -1   1   0  -1   1   0   1  -1  -1  -1  -1   0   0
  1   1   1  -1  -1   1   0   1   1  -1   1   0  -1  -1  -1  -1   0   0
 -1   1   0   1   1   1   1  -1   1   1  -1   0  -1  -1   0   0  -1  -1
 -1   0   1   1   1   1  -1   0   1   1   1  -1   0   0  -1  -1  -1  -1
  1   1  -1   0  -1   0   1   1   1   1   1  -1   0   0  -1  -1  -1  -1
  1  -1   1   1   1   0   1  -1  -1   1   0   1  -1  -1  -1  -1   0   0
  1   1  -1   0   0  -1   1   1   1   1  -1   1   0   0  -1  -1  -1  -1
  0  -1   1   1   1   1  -1   0   1  -1   1   1   0   0  -1  -1  -1  -1
  1  -1   1   1   0   1  -1   1   1  -1   1   0  -1  -1  -1  -1   0   0
  0   1  -1   1   1  -1   1   1   1   1  -1   0  -1  -1   0   0  -1  -1
  1   1  -1   1   1  -1   1   0   0   1  -1   1  -1  -1  -1  -1   0   0
  1  -1   1   0   1   1  -1   1   0  -1   1   1  -1  -1   0   0  -1  -1
 -1   1   1   1   0   1  -1   0   1   1   1  -1  -1  -1  -1   0  -1   0
  0   1  -1   0  -1   1   1   1   1   1   1  -1  -1  -1  -1   0  -1   0
  0  -1   1   0   1   1   1  -1  -1   1   1   1  -1   0  -1  -1  -1   0
  1   1   1  -1   0  -1   1   0  -1   1   1   1  -1   0  -1   0  -1  -1
  1   1   1  -1  -1   1   1   1   0  -1   1   0  -1   0  -1   0  -1  -1
  1  -1   1   1   1   1  -1   1   0  -1   1   0   0  -1  -1   0  -1  -1
  1   1  -1   1   1  -1   1   1   0   1  -1   0   0  -1  -1  -1  -1   0
  1  -1   1   1   0   1  -1   0   1  -1   1   1  -1  -1   0  -1  -1   0
  0   1  -1   0   1  -1   1   1   1   1  -1   1  -1  -1  -1   0   0  -1
  0  -1   1   0   1   1  -1   1   1  -1   1   1  -1   0  -1  -1   0  -1
  1   0   0  -1  -1   1   1   1   1  -1   1   1   0  -1  -1  -1   0  -1
 -1   1   1   1   1   0   0  -1   1   1  -1   1   0  -1   0  -1  -1  -1
 -1   1   1   1   1   1  -1   1   1   0   0  -1   0  -1   0  -1  -1  -1
  1   1  -1   1  -1   1   1   1   1   0   0  -1   0  -1  -1  -1   0  -1
  1  -1   1   1   1   0   0  -1  -1   1   1   1  -1  -1   0  -1   0  -1
  1   1   1  -1   0  -1   1   0  -1   1   1   1  -1  -1   0  -1   0  -1
  0  -1   1   0   1   1   1  -1  -1   1   1   1  -1  -1   0  -1   0  -1
  0   1  -1   0  -1   1   1   1   1   1   1  -1   0  -1  -1  -1   0  -1
 -1   1   1   1   0   1  -1   0   1   1   1  -1   0  -1   0  -1  -1  -1
 -1   1   1   1   1   1   1  -1   0   1  -1   0   0  -1   0  -1  -1  -1
  1   1  -1   1   1  -1   1   1   0   1  -1   0  -1   0   0  -1  -1  -1
  1  -1   1   1   1   1  -1   1   0  -1   1   0  -1   0  -1  -1   0  -1
  1   1  -1   1   0  -1   1   0   1   1  -1   1  -1  -1  -1   0   0  -1
  0  -1   1   0   1   1  -1   1   1  -1   1   1  -1  -1   0  -1  -1   0
  0   1  -1   0   1  -1   1   1   1   1  -1   1   0  -1  -1  -1  -1   0
 -1   0   0   1   1   1   1  -1   1   1  -1   1  -1   0  -1  -1  -1   0
  1   1   1  -1  -1   0   0   1   1  -1   1   1  -1   0  -1   0  -1  -1
  1   1   1  -1   1  -1   1   1  -1   0   0   1  -1   0  -1   0  -1  -1
  1  -1   1   1   1   1   1  -1  -1   0   0   1  -1   0  -1  -1  -1   0
  1   1   1  -1   1  -1   1   1  -1   0   0   1   0  -1  -1  -1  -1   0
  1  -1   1   1   1   1   1  -1  -1   0   0   1   0  -1  -1   0  -1  -1
  1   0   0  -1  -1   1   1   1   1  -1   1   1  -1  -1   0  -1  -1   0
 -1   1   1   1   1   0   0  -1   1   1  -1   1  -1  -1  -1   0   0  -1
  1  -1   1   1   0   1  -1   0   1  -1   1   1   0  -1  -1   0  -1  -1
  1   1  -1   1  -1   0   0   1   1   1   1  -1  -1   0   0  -1  -1  -1
 -1   0   0   1   1   1  -1   1   1   1   1  -1  -1   0  -1  -1   0  -1
  1   1   1  -1  -1   1   1   1   0  -1   1   0   0  -1  -1  -1   0  -1
 -1   1   1   1   1   1  -1   1   1   0   0  -1  -1   0  -1  -1   0  -1
  1   1  -1   1  -1   1   1   1   1   0   0  -1  -1   0   0  -1  -1  -1
  1   0   0  -1   1  -1   1   1  -1   1   1   1  -1  -1   0  -1   0  -1
 -1   0   0   1   1   1   1  -1   1   1  -1   1  -1  -1  -1   0   0  -1
  1   1   1  -1  -1   0   0   1   1  -1   1   1  -1  -1   0  -1  -1   0
  1   1  -1   1   0  -1   1   0   1   1  -1   1  -1   0   0  -1  -1  -1
  1  -1   1   1   1   0   0  -1  -1   1   1   1   0  -1  -1   0  -1  -1
  1   0   0  -1   1  -1   1   1  -1   1   1   1   0  -1  -1  -1  -1   0
 -1   0   0   1   1   1  -1   1   1   1   1  -1  -1  -1  -1   0  -1   0
 -1   1   1   1   1   1   1  -1   0   1  -1   0  -1   0  -1  -1  -1   0
  1   1  -1   1  -1   0   0   1   1   1   1  -1  -1  -1  -1   0  -1   0
  0   1   0   1  -1   1   1  -1   1   1   0   0  -1   0  -1  -1  -1   0
 -1   1   1  -1   0   1   0   1   1   0   1   0  -1   0  -1   0  -1  -1
 -1   1   1  -1   1   0   1   0   0   1   0   1  -1   0  -1   0  -1  -1
  1   0   1   0  -1   1   1  -1   0   0   1   1  -1   0  -1  -1  -1   0
  1   1   0   0   0   0   1   1  -1   1   1  -1  -1  -1  -1   0  -1   0
  0   0   1   1   1   1   0   0  -1   1   1  -1  -1  -1  -1   0  -1   0
  1  -1  -1   1   0   1   0   1   1   0   1   0   0  -1  -1   0  -1  -1
  0   1   0   1   1  -1  -1   1   1   1   0   0   0  -1  -1  -1  -1   0
  0   0   1   1   1   1   0   0   1  -1  -1   1  -1  -1   0  -1  -1   0
  1   1   0   0   0   0   1   1   1  -1  -1   1  -1  -1  -1   0   0  -1
  1   0   1   0   1  -1  -1   1   0   0   1   1  -1   0  -1  -1   0  -1
  1   0   1   0  -1   1   1  -1   0   0   1   1   0  -1  -1  -1   0  -1
 -1   1   1  -1   1   0   1   0   0   1   0   1   0  -1   0  -1  -1  -1
 -1   1   1  -1   0   1   0   1   1   0   1   0   0  -1   0  -1  -1  -1
  0   1   0   1  -1   1   1  -1   1   1   0   0   0  -1  -1  -1   0  -1
  0   0   1   1   1   1   0   0  -1   1   1  -1  -1  -1   0  -1   0  -1
  1   1   0   0   0   0   1   1  -1   1   1  -1  -1  -1   0  -1   0  -1
  1  -1  -1   1   1   0   1   0   0   1   0   1  -1   0   0  -1  -1  -1
  1   1   0   0   0   0   1   1   1  -1  -1   1  -1  -1   0  -1  -1   0
  0   0   1   1   1   1   0   0   1  -1  -1   1  -1  -1  -1   0   0  -1
  1  -1  -1   1   0   1   0   1   1   0   1   0  -1   0   0  -1  -1  -1
  0   1   0   1   1  -1  -1   1   1   1   0   0  -1   0  -1  -1   0  -1
  1  -1  -1   1   1   0   1   0   0   1   0   1   0  -1  -1   0  -1  -1
  1   0   1   0   1  -1  -1   1   0   0   1   1   0  -1  -1  -1  -1   0
  1   1   1   1   0   1   0  -1   1   0  -1   0  -2  -1  -1   0   0   0
  0   1   0  -1   1   1   1   1   1  -1   0   0  -2  -1   0   0  -1   0
  0   0   1  -1   1  -1   0   0   1   1   1   1   0   0  -2  -1  -1   0
  1  -1   0   0   0   0   1  -1   1   1   1   1   0   0  -1   0  -2  -1
  1   0  -1   0   1   1   1   1   0   0   1  -1  -1   0   0   0  -2  -1
 -1   0   1   0   1   1   1   1   0   0   1  -1   0  -1   0   0  -2  -1
  1   1   1   1  -1   0   1   0   0   1   0  -1   0  -1  -2  -1   0   0
  1   1   1   1   0   1   0  -1  -1   0   1   0  -2  -1   0  -1   0   0
  0   1   0  -1   1   1   1   1  -1   1   0   0  -2  -1   0   0   0  -1
  0   0   1  -1  -1   1   0   0   1   1   1   1   0   0  -2  -1   0  -1
  1  -1   0   0   0   0  -1   1   1   1   1   1   0   0  -2  -1   0  -1
  0   0  -1   1   1  -1   0   0   1   1   1   1   0   0   0  -1  -2  -1
  0  -1   0   1   1   1   1   1   1  -1   0   0   0  -1   0   0  -2  -1
  1   1   1   1   0  -1   0   1   1   0  -1   0   0  -1  -2  -1   0   0
  1   1   1   1   1   0  -1   0   0  -1   0   1  -2  -1   0  -1   0   0
  1   1   1   1  -1   0   1   0   0  -1   0   1  -1  -2   0  -1   0   0
 -1   0   1   0   1   1   1   1   0   0  -1   1  -1  -2   0   0   0  -1
 -1   1   0   0   0   0  -1   1   1   1   1   1   0   0  -1  -2   0  -1
  0   0  -1   1  -1   1   0   0   1   1   1   1   0   0   0  -1  -1  -2
  0  -1   0   1   1   1   1   1  -1   1   0   0   0  -1   0   0  -1  -2
  0   1   0  -1   1   1   1   1  -1   1   0   0  -1   0   0   0  -1  -2
  1   1   1   1   0   1   0  -1  -1   0   1   0  -1   0  -1  -2   0   0
  1   1   1   1  -1   0   1   0   0   1   0  -1  -1  -2  -1   0   0   0
 -1   0   1   0   1   1   1   1   0   0   1  -1  -1  -2   0   0  -1   0
 -1   1   0   0   0   0   1  -1   1   1   1   1   0   0  -1  -2  -1   0
  0   0  -1   1   1  -1   0   0   1   1   1   1   0   0  -1  -2  -1   0
  1  -1   0   0   0   0  -1   1   1   1   1   1   0   0  -1   0  -1  -2
  1   0  -1   0   1   1   1   1   0   0  -1   1  -1   0   0   0  -1  -2
  1   1   1   1   1   0  -1   0   0  -1   0   1  -1   0  -1  -2   0   0
  1   1   1   1  -1   0   1   0   0  -1   0   1   0  -1  -1  -2   0   0
 -1   0   1   0   1   1   1   1   0   0  -1   1   0  -1   0   0  -1  -2
  1   0  -1   0   1   1   1   1   0   0   1  -1  -2  -1   0   0  -1   0
  1   1   1   1   1   0  -1   0   0   1   0  -1  -2  -1  -1   0   0   0
  0   0   1  -1  -1   1   0   0   1   1   1   1   0   0  -1   0  -1  -2
 -1   1   0   0   0   0  -1   1   1   1   1   1   0   0   0  -1  -1  -2
  0   0  -1   1  -1   1   0   0   1   1   1   1   0   0  -1  -2   0  -1
  1   1   1   1   0  -1   0   1  -1   0   1   0   0  -1  -1  -2   0   0
  1   1   1   1   0   1   0  -1   1   0  -1   0  -1   0  -2  -1   0   0
  0   1   0  -1   1   1   1   1   1  -1   0   0  -1   0   0   0  -2  -1
  1   0  -1   0   1   1   1   1   0   0  -1   1  -2  -1   0   0   0  -1
  0  -1   0   1   1   1   1   1  -1   1   0   0  -1  -2   0   0   0  -1
  1   1   1   1   0  -1   0   1  -1   0   1   0  -1  -2   0  -1   0   0
 -1   1   0   0   0   0   1  -1   1   1   1   1   0   0   0  -1  -2  -1
  0   0   1  -1   1  -1   0   0   1   1   1   1   0   0  -1   0  -2  -1
  1  -1   0   0   0   0   1  -1   1   1   1   1   0   0  -2  -1  -1   0
  0  -1   0   1   1   1   1   1   1  -1   0   0  -1  -2   0   0  -1   0
  1   1   1   1   1   0  -1   0   0   1   0  -1  -1   0  -2  -1   0   0
  1   1   1   1   0  -1   0   1   1   0  -1   0  -1  -2  -1   0   0   0
 -1   1   1   1   1   1  -1  -1   1   1   0   0  -1   0  -1  -1  -1   0
  1   1  -1  -1  -1   1   1   1   1   0   1   0  -1   0  -1   0  -1  -1
  1  -1   1  -1   1   0   1   0  -1   1   1   1  -1   0  -1   0  -1  -1
  1   0   1   0   1  -1   1  -1  -1   1   1   1  -1   0  -1  -1  -1   0
  1   1   0   0  -1   1   1   1   1  -1   1  -1  -1  -1  -1   0  -1   0
  0   0   1   1   1   1  -1   1   1  -1   1  -1  -1  -1  -1   0  -1   0
  1   1  -1   1   0   0   1   1   1   1  -1  -1  -1  -1  -1   0  -1   0
  1  -1   1   1   1   1  -1  -1   0   0   1   1  -1   0  -1  -1  -1   0
  1   1  -1  -1   1  -1   1   1   0   1   0   1  -1   0  -1   0  -1  -1
  1  -1   1  -1   0   1   0   1   1  -1   1   1  -1   0  -1   0  -1  -1
  1  -1   1  -1   0   1   0   1   1  -1   1   1   0  -1  -1   0  -1  -1
  0   1   0   1   1  -1   1  -1   1   1  -1   1   0  -1  -1  -1  -1   0
  0   0   1   1   1   1  -1   1   1  -1   1  -1  -1  -1   0  -1  -1   0
  1   1  -1   1   0   0   1   1   1   1  -1  -1  -1  -1  -1   0   0  -1
  1  -1   1   1   1   1  -1  -1   0   0   1   1  -1   0  -1  -1   0  -1
  1   1   1  -1  -1  -1   1   1   0   0   1   1   0  -1  -1  -1   0  -1
 -1  -1   1   1   1   1   1  -1   0   1   0   1   0  -1   0  -1  -1  -1
 -1   1  -1   1   0   1   0   1   1   1   1  -1   0  -1   0  -1  -1  -1
  0   1   0   1  -1   1  -1   1   1   1   1  -1   0  -1  -1  -1   0  -1
  0   0   1   1   1   1   1  -1  -1   1  -1   1  -1  -1   0  -1   0  -1
  1   1   0   0   1  -1   1   1  -1   1  -1   1  -1  -1   0  -1   0  -1
  1  -1   1   1   1   1   0   0  -1  -1   1   1  -1  -1   0  -1   0  -1
  1   1  -1   1  -1  -1   1   1   1   1   0   0   0  -1  -1  -1   0  -1
 -1  -1   1   1   1   1  -1   1   1   0   1   0   0  -1   0  -1  -1  -1
 -1   1  -1   1   1   0   1   0   1   1  -1   1   0  -1   0  -1  -1  -1
 -1   1  -1   1   1   0   1   0   1   1  -1   1  -1   0   0  -1  -1  -1
  1   0   1   0  -1   1  -1   1   1  -1   1   1  -1   0  -1  -1   0  -1
  1   1   0   0   1  -1   1   1  -1   1  -1   1  -1  -1  -1   0   0  -1
  1  -1   1   1   1   1   0   0  -1  -1   1   1  -1  -1   0  -1  -1   0
  1   1   1  -1   0   0   1   1  -1  -1   1   1  -1  -1   0  -1  -1   0
  0   0   1   1   1   1   1  -1  -1   1  -1   1  -1  -1  -1   0   0  -1
  1   1  -1  -1  -1   1   1   1   1   0   1   0  -1   0   0  -1  -1  -1
 -1   1   1   1   1   1  -1  -1   1   1   0   0  -1   0  -1  -1   0  -1
  1   0   1   0  -1   1  -1   1   1  -1   1   1   0  -1  -1  -1   0  -1
  0   1   0   1  -1   1  -1   1   1   1   1  -1  -1   0  -1  -1   0  -1
 -1   1  -1   1   0   1   0   1   1   1   1  -1  -1   0   0  -1  -1  -1
  1   1   1  -1   0   0   1   1  -1  -1   1   1  -1  -1   0  -1   0  -1
 -1   1   1   1   1   1   0   0   1   1  -1  -1  -1  -1  -1   0   0  -1
  1   1   0   0  -1   1   1   1   1  -1   1  -1  -1  -1   0  -1  -1   0
  1   1  -1  -1   1  -1   1   1   0   1   0   1  -1   0   0  -1  -1  -1
 -1  -1   1   1   1   1   1  -1   0   1   0   1   0  -1  -1   0  -1  -1
  1   1   1  -1  -1  -1   1   1   0   0   1   1   0  -1  -1  -1  -1   0
  0   1   0   1   1  -1   1  -1   1   1  -1   1  -1   0  -1  -1  -1   0
  1   0   1   0   1  -1   1  -1  -1   1   1   1   0  -1  -1  -1  -1   0
  1  -1   1  -1   1   0   1   0  -1   1   1   1   0  -1  -1   0  -1  -1
 -1  -1   1   1   1   1  -1   1   1   0   1   0   0  -1  -1   0  -1  -1
 -1   1   1   1   1   1   0   0   1   1  -1  -1  -1  -1  -1   0  -1   0
  1   1  -1   1  -1  -1   1   1   1   1   0   0   0  -1  -1  -1  -1   0
 -1   1   1   1   0   0  -1  -1   1   1   1   1   0   0  -1  -2  -1   0
  0   0  -1  -1  -1   1   1   1   1   1   1   1   0   0  -1   0  -1  -2
  0  -1   0  -1   1   1   1   1  -1   1   1   1  -1   0   0   0  -1  -2
  1   1   1   1   0  -1   0  -1  -1   1   1   1  -1   0  -1  -2   0   0
  1   1   1   1  -1   1   1   1   0  -1   0  -1  -1  -2  -1   0   0   0
  1   1   1   1   1   1  -1   1   0  -1   0  -1  -2  -1  -1   0   0   0
  1   1  -1   1   1   1   1   1   0   0  -1  -1  -2  -1   0   0  -1   0
  1  -1   1   1   0   0  -1  -1   1   1   1   1   0   0  -2  -1  -1   0
  0   0  -1  -1   1  -1   1   1   1   1   1   1   0   0  -1   0  -2  -1
  0  -1   0  -1   1   1   1   1   1  -1   1   1  -1   0   0   0  -2  -1
  0  -1   0  -1   1   1   1   1   1  -1   1   1   0  -1   0   0  -2  -1
  1   1   1   1   0  -1   0  -1   1   1  -1   1   0  -1  -2  -1   0   0
  1   1   1   1   1   1  -1   1   0  -1   0  -1  -2  -1   0  -1   0   0
  1   1  -1   1   1   1   1   1   0   0  -1  -1  -2  -1   0   0   0  -1
  1  -1   1   1   0   0  -1  -1   1   1   1   1   0   0  -2  -1   0  -1
  1   1   1  -1  -1  -1   0   0   1   1   1   1   0   0  -2  -1   0  -1
 -1  -1   0   0   1   1   1  -1   1   1   1   1   0   0   0  -1  -2  -1
 -1   0  -1   0   1   1   1   1   1   1   1  -1   0  -1   0   0  -2  -1
  1   1   1   1  -1   0  -1   0   1   1   1  -1   0  -1  -2  -1   0   0
  1   1   1   1   1   1   1  -1  -1   0  -1   0  -2  -1   0  -1   0   0
  1   1   1   1   1  -1   1   1  -1   0  -1   0  -1  -2   0  -1   0   0
  1  -1   1   1   1   1   1   1  -1  -1   0   0  -1  -2   0   0   0  -1
  1   1  -1   1  -1  -1   0   0   1   1   1   1   0   0  -1  -2   0  -1
 -1  -1   0   0   1   1  -1   1   1   1   1   1   0   0   0  -1  -1  -2
 -1   0  -1   0   1   1   1   1   1   1  -1   1   0  -1   0   0  -1  -2
 -1   0  -1   0   1   1   1   1   1   1  -1   1  -1   0   0   0  -1  -2
  1   1   1   1  -1   0  -1   0   1  -1   1   1  -1   0  -1  -2   0   0
  1   1   1   1   1  -1   1   1  -1   0  -1   0  -1  -2  -1   0   0   0
  1  -1   1   1   1   1   1   1  -1  -1   0   0  -1  -2   0   0  -1   0
  1   1   1  -1   1   1   1   1  -1  -1   0   0  -2  -1   0   0  -1   0
  1   1   1   1   1   1   1  -1  -1   0  -1   0  -2  -1  -1   0   0   0
  0   0  -1  -1  -1   1   1   1   1   1   1   1   0   0   0  -1  -1  -2
 -1   1   1   1   0   0  -1  -1   1   1   1   1   0   0  -1  -2   0  -1
  1   1   1   1  -1   0  -1   0   1  -1   1   1   0  -1  -1  -2   0   0
  1   1   1   1  -1   0  -1   0   1   1   1  -1  -1   0  -2  -1   0   0
 -1   0  -1   0   1   1   1   1   1   1   1  -1  -1   0   0   0  -2  -1
  1   1   1  -1   1   1   1   1  -1  -1   0   0  -2  -1   0   0   0  -1
 -1   1   1   1   1   1   1   1   0   0  -1  -1  -1  -2   0   0   0  -1
  1   1   1   1  -1   1   1   1   0  -1   0  -1  -1  -2   0  -1   0   0
  0   0  -1  -1   1  -1   1   1   1   1   1   1   0   0   0  -1  -2  -1
 -1  -1   0   0   1   1   1  -1   1   1   1   1   0   0  -1   0  -2  -1
  1   1   1  -1  -1  -1   0   0   1   1   1   1   0   0  -2  -1  -1   0
  1   1   1   1   0  -1   0  -1   1   1  -1   1  -1   0  -2  -1   0   0
  1   1   1   1   0  -1   0  -1  -1   1   1   1   0  -1  -1  -2   0   0
  0  -1   0  -1   1   1   1   1  -1   1   1   1   0  -1   0   0  -1  -2
 -1  -1   0   0   1   1  -1   1   1   1   1   1   0   0  -1   0  -1  -2
 -1   1   1   1   1   1   1   1   0   0  -1  -1  -1  -2   0   0  -1   0
  1   1  -1   1  -1  -1   0   0   1   1   1   1   0   0  -1  -2  -1   0
 -1   1   1   1   0   1  -1  -1   1   2   1   0  -1   0  -2  -1  -1   0
  0   1  -1  -1  -1   1   1   1   1   1   2   0  -1   0  -1   0  -2  -1
  0  -1   1  -1   1   1   2   0  -1   1   1   1  -1   0  -1   0  -2  -1
  1   1   2   0   0  -1   1  -1  -1   1   1   1  -1   0  -2  -1  -1   0
  1   2   1   0  -1   1   1   1   0  -1   1  -1  -2  -1  -1   0  -1   0
  1   0   1   2   1   1  -1   1   0  -1   1  -1  -1  -2  -1   0  -1   0
  1   1  -1   1   1   0   1   2   0   1  -1  -1  -1  -2  -1   0  -1   0
  1  -1   1   1   0   1  -1  -1   1   0   1   2  -1   0  -1  -2  -1   0
  0   1  -1  -1   1  -1   1   1   1   1   0   2  -1   0  -1   0  -1  -2
  0  -1   1  -1   1   1   0   2   1  -1   1   1  -1   0  -1   0  -1  -2
  1  -1   0  -1   0   2   1   1   1  -1   1   1   0  -1  -1   0  -1  -2
  0   2   1   1   1  -1   0  -1   1   1  -1   1   0  -1  -1  -2  -1   0
  0   1   2   1   1   1  -1   1   1  -1   0  -1  -1  -2   0  -1  -1   0
  1   1  -1   1   0   1   2   1   1   0  -1  -1  -1  -2  -1   0   0  -1
  1  -1   1   1   1   0  -1  -1   0   1   2   1  -1   0  -1  -2   0  -1
  1   1   1  -1  -1  -1   1   0   0   1   2   1   0  -1  -1  -2   0  -1
 -1  -1   1   0   1   1   1  -1   0   2   1   1   0  -1   0  -1  -1  -2
 -1   1  -1   0   0   2   1   1   1   1   1  -1   0  -1   0  -1  -1  -2
  0   2   1   1  -1   1  -1   0   1   1   1  -1   0  -1  -1  -2   0  -1
  0   1   2   1   1   1   1  -1  -1   1  -1   0  -1  -2   0  -1   0  -1
  2   1   0   1   1  -1   1   1  -1   1  -1   0  -2  -1   0  -1   0  -1
  1  -1   1   1   2   1   0   1  -1  -1   1   0  -2  -1   0  -1   0  -1
  1   1  -1   1  -1  -1   1   0   2   1   0   1   0  -1  -2  -1   0  -1
 -1  -1   1   0   1   1  -1   1   2   0   1   1   0  -1   0  -1  -2  -1
 -1   1  -1   0   2   0   1   1   1   1  -1   1   0  -1   0  -1  -2  -1
 -1   0  -1   1   1   1   2   0   1   1  -1   1  -1   0   0  -1  -2  -1
  1   1   2   0  -1   0  -1   1   1  -1   1   1  -1   0  -2  -1   0  -1
  1   2   1   0   1  -1   1   1  -1   0  -1   1  -2  -1  -1   0   0  -1
  1  -1   1   1   1   2   1   0  -1  -1   0   1  -2  -1   0  -1  -1   0
  1   1   1  -1   1   0   1   2  -1  -1   0   1  -1  -2   0  -1  -1   0
  1   0   1   2   1   1   1  -1  -1   0  -1   1  -1  -2  -1   0   0  -1
  1   0  -1  -1  -1   1   1   1   2   0   1   1  -1   0   0  -1  -2  -1
 -1   1   1   1   1   0  -1  -1   2   1   0   1  -1   0  -2  -1   0  -1
  2   0   1   1  -1   1  -1   0   1  -1   1   1   0  -1  -2  -1   0  -1
  1   1   0   2  -1   0  -1   1   1   1   1  -1  -1   0  -1  -2   0  -1
 -1   0  -1   1   1   1   0   2   1   1   1  -1  -1   0   0  -1  -1  -2
  1   1   1  -1   0   1   2   1  -1  -1   1   0  -1  -2   0  -1   0  -1
 -1   1   1   1   2   1   0   1   1   0  -1  -1  -2  -1  -1   0   0  -1
  2   1   0   1  -1   1   1   1   1  -1   0  -1  -2  -1   0  -1  -1   0
  1   0  -1  -1   1  -1   1   1   0   2   1   1  -1   0   0  -1  -1  -2
 -1  -1   0   1   1   1   1  -1   1   1   0   2   0  -1  -1   0  -1  -2
  1   1   1  -1  -1  -1   0   1   1   0   1   2   0  -1  -1  -2  -1   0
  1   1   0   2   0  -1   1  -1   1   1  -1   1  -1   0  -1  -2  -1   0
  2   0   1   1   1  -1   0  -1  -1   1   1   1   0  -1  -2  -1  -1   0
  1  -1   0  -1   2   0   1   1  -1   1   1   1   0  -1  -1   0  -2  -1
 -1  -1   0   1   1   1  -1   1   1   1   2   0   0  -1  -1   0  -2  -1
 -1   1   1   1   1   2   1   0   0   1  -1  -1  -2  -1  -1   0  -1   0
  1   1  -1   1  -1  -1   0   1   1   2   1   0   0  -1  -2  -1  -1   0
  0   1   1   1   1  -1   0  -1   1   1  -1   1  -1   0  -2  -1   0   0
  1  -1   0  -1   0   1   1   1   1  -1   1   1  -1   0   0   0  -2  -1
  1   0  -1  -1   1  -1   1   1   0   1   1   1   0   0  -1   0  -2  -1
  1  -1   1   1   1   0  -1  -1   0   1   1   1   0   0  -2  -1  -1   0
  1   1  -1   1   0   1   1   1   1   0  -1  -1  -2  -1   0   0  -1   0
 -1   1   1   1   1   1   0   1   1   0  -1  -1  -1  -2   0   0  -1   0
  1   1   0   1  -1   1   1   1   1  -1   0  -1  -1  -2  -1   0   0   0
  1   0   1   1   1  -1   0  -1  -1   1   1   1  -1   0  -1  -2   0   0
  1  -1   0  -1   1   0   1   1  -1   1   1   1  -1   0   0   0  -1  -2
  1   0  -1  -1  -1   1   1   1   1   0   1   1   0   0  -1   0  -1  -2
 -1  -1   1   0   1   1  -1   1   1   0   1   1   0   0  -1   0  -1  -2
  1   1  -1   1  -1  -1   1   0   1   1   0   1   0   0  -1  -2  -1   0
  1  -1   1   1   1   1   0   1  -1  -1   1   0  -1  -2   0   0  -1   0
  1   1   0   1   1  -1   1   1  -1   1  -1   0  -1  -2  -1   0   0   0
  1   0   1   1  -1   1  -1   0   1  -1   1   1  -1   0  -1  -2   0   0
  1   1   1   0  -1   0  -1   1   1  -1   1   1   0  -1  -1  -2   0   0
 -1   0  -1   1   1   1   1   0   1   1  -1   1   0  -1   0   0  -1  -2
 -1  -1   0   1   1   1  -1   1   1   1   1   0   0   0   0  -1  -1  -2
  1   1  -1   1  -1  -1   0   1   1   1   1   0   0   0  -1  -2   0  -1
  1  -1   1   1   1   1   1   0  -1  -1   0   1  -1  -2   0   0   0  -1
  1   1   1  -1   1   0   1   1  -1  -1   0   1  -2  -1   0   0   0  -1
  1   0   1   1   1   1   1  -1  -1   0  -1   1  -2  -1   0  -1   0   0
  1   1   0   1  -1   0  -1   1   1   1   1  -1   0  -1  -2  -1   0   0
 -1   0  -1   1   1   1   0   1   1   1   1  -1   0  -1   0   0  -2  -1
 -1  -1   0   1   1   1   1  -1   1   1   0   1   0   0   0  -1  -2  -1
  0   1  -1  -1   1  -1   1   1   1   1   0   1   0   0   0  -1  -2  -1
  1  -1   1   1   0   1  -1  -1   1   0   1   1   0   0  -2  -1   0  -1
  1   1  -1   1   1   0   1   1   0   1  -1  -1  -2  -1   0   0   0  -1
  1   0   1   1   1   1  -1   1   0  -1   1  -1  -2  -1   0  -1   0   0
  1   1   1   0  -1   1   1   1   0  -1   1  -1  -1  -2   0  -1   0   0
 -1   1   1   1   1   1   1   0   0   1  -1  -1  -1  -2   0   0   0  -1
 -1   1  -1   0   0   1   1   1   1   1   1  -1  -1   0   0   0  -2  -1
  0   1   1   1  -1   1  -1   0   1   1   1  -1  -1   0  -2  -1   0   0
  1   1   1  -1  -1  -1   0   1   1   0   1   1   0   0  -2  -1   0  -1
 -1   1   1   1   0   1  -1  -1   1   1   1   0   0   0  -1  -2   0  -1
  0   1  -1  -1  -1   1   1   1   1   1   1   0   0   0   0  -1  -1  -2
  1   1   1   0   1  -1   1   1  -1   0  -1   1  -1  -2   0  -1   0   0
  0   1   1   1   1   1   1  -1  -1   1  -1   0  -2  -1  -1   0   0   0
  1   1   1  -1   0   1   1   1  -1  -1   1   0  -2  -1   0   0  -1   0
 -1   1  -1   0   1   0   1   1   1   1  -1   1  -1   0   0   0  -1  -2
  0  -1   1  -1   1   1   1   0  -1   1   1   1   0  -1   0   0  -1  -2
  1   1   1   0   0  -1   1  -1  -1   1   1   1   0  -1  -1  -2   0   0
 -1   1   1   1   1   0  -1  -1   1   1   0   1   0   0  -1  -2  -1   0
  1   1   1  -1  -1  -1   1   0   0   1   1   1   0   0  -2  -1  -1   0
 -1  -1   1   0   1   1   1  -1   0   1   1   1   0   0  -1   0  -2  -1
  0  -1   1  -1   1   1   0   1   1  -1   1   1   0  -1   0   0  -2  -1
  0   1   1   1   1   1  -1   1   1  -1   0  -1  -2  -1  -1   0   0   0
  1   1   0   1   0  -1   1  -1   1   1  -1   1   0  -1  -2  -1   0   0
  2   2  -3   2  -3   1   2   2   3   1   1  -1  -2   0   0  -2  -3  -2
 -3   1   2   2   2   2  -3   2   3   1   1  -1  -2   0  -3  -2   0  -2
 -3   2   1   2   3   1   1  -1   2   2  -3   2  -3  -2  -2   0   0  -2
  3   1   1  -1  -3   2   1   2   2  -3   2   2  -3  -2   0  -2  -2   0
  3   1   1  -1   2  -3   2   2  -3   2   1   2   0  -2  -3  -2  -2   0
  1  -1   3   1   2   2   2  -3  -3   2   1   2  -2   0  -3  -2  -2   0
  2   2   2  -3   1  -1   3   1  -3   1   2   2  -2   0  -2   0  -3  -2
  2   2   2  -3  -3   1   2   2   1  -1   3   1  -2   0  -2   0  -3  -2
 -3   1   2   2   2   2   2  -3   1   3  -1   1  -2   0  -3  -2  -2   0
 -3   2   1   2   1   3  -1   1   2   2   2  -3  -3  -2  -2   0  -2   0
  1   2  -3   2  -1   1   1   3   2   2   2  -3  -2  -3  -2   0  -2   0
 -1   1   1   3   1   2  -3   2   2   2   2  -3  -2  -3  -2   0  -2   0
 -1   1   1   3   2   2   2  -3   1   2  -3   2  -2   0  -2  -3  -2   0
  2   2   2  -3  -1   1   1   3   1  -3   2   2  -2   0  -2   0  -2  -3
  2   2   2  -3   1  -3   2   2  -1   1   1   3  -2   0  -2   0  -2  -3
  2  -3   2   2   2   2   1  -3  -1   1   1   3   0  -2  -2   0  -2  -3
  2   2   1  -3   2  -3   2   2  -1   1   1   3   0  -2  -2  -3  -2   0
  2   1   2  -3  -1   1   1   3   2  -3   2   2  -2  -3   0  -2  -2   0
 -1   1   1   3   2   1   2  -3   2   2  -3   2  -2  -3  -2   0   0  -2
 -1   1   1   3   2   2  -3   2   2   1   2  -3  -2   0  -2  -3   0  -2
  1   3  -1   1  -3   2   2   2   2   1   2  -3   0  -2  -2  -3   0  -2
 -3   2   2   2   1   3  -1   1   2   2   1  -3   0  -2   0  -2  -2  -3
 -3   2   2   2   2   2   1  -3   1   3  -1   1   0  -2   0  -2  -2  -3
  2   2   1  -3  -3   2   2   2   1  -1   3   1   0  -2  -2  -3   0  -2
  2   1   2  -3   1  -1   3   1  -3   2   2   2  -2  -3   0  -2   0  -2
  2  -3   2   1   3   1   1  -1  -3   2   2   2  -3  -2   0  -2   0  -2
  3   1   1  -1   2  -3   2   1  -3   2   2   2  -3  -2   0  -2   0  -2
  3   1   1  -1  -3   2   2   2   2  -3   2   1   0  -2  -3  -2   0  -2
 -3   2   2   2   3   1   1  -1   2   2  -3   1   0  -2   0  -2  -3  -2
  2   2  -3   2   1  -1   3   1   2   2  -3   1  -2   0   0  -2  -3  -2
  1  -1   3   1   2   2  -3   2   2  -3   2   1  -2   0  -3  -2   0  -2
  1  -3   2   2   2   2  -3   2   1  -1   3   1  -2   0  -2  -3   0  -2
  2   2  -3   2   1  -3   2   2   1   3  -1   1  -2   0   0  -2  -2  -3
  1  -1   3   1   2   1   2  -3  -3   2   2   2  -2  -3   0  -2   0  -2
  1   3  -1   1   2  -3   2   1   2   2  -3   2  -3  -2  -2   0   0  -2
  2  -3   2   1   1   3  -1   1   2  -3   2   2  -3  -2   0  -2  -2   0
  2   2  -3   2  -1   1   1   3   2   2   1  -3  -2   0   0  -2  -2  -3
  2  -3   2   2   1   3  -1   1   1  -3   2   2   0  -2  -2   0  -2  -3
  1   3  -1   1   2  -3   2   2   1   2  -3   2   0  -2  -2  -3  -2   0
  1  -3   2   2   2   2   2  -3  -1   1   1   3  -2   0  -2  -3  -2   0
  2   2  -3   1   2  -3   2   2   1   3  -1   1   0  -2  -3  -2  -2   0
  2  -3   2   2   2   2  -3   1   1  -1   3   1   0  -2  -2   0  -3  -2
  1   3  -1   1  -3   2   1   2   2   2   2  -3  -3  -2  -2   0  -2   0
  1  -1   3   1   1   2  -3   2   2  -3   2   2  -2  -3   0  -2  -2   0
  1   2  -3   2   1  -1   3   1   2   2  -3   2  -2  -3  -2   0   0  -2
  2   2  -3   1  -3   2   2   2   3   1   1  -1   0  -2  -3  -2   0  -2
  2  -3   2   2   3   1   1  -1  -3   1   2   2   0  -2  -2   0  -3  -2
 -3   2   2   2   2   2  -3   1   3   1   1  -1   0  -2   0  -2  -3  -2
  1   1  -2   1  -2   1   2   2   2   1   1  -1  -1   0   0  -1  -3  -2
 -2   1   2   2   1   1  -2   1   2   1   1  -1  -1   0  -3  -2   0  -1
 -2   2   1   2   2   1   1  -1   1   1  -2   1  -3  -2  -1   0   0  -1
  2   1   1  -1  -2   2   1   2   1  -2   1   1  -3  -2   0  -1  -1   0
  2   1   1  -1   1  -2   1   1  -2   2   1   2   0  -1  -3  -2  -1   0
  1  -1   2   1   1   1   1  -2  -2   2   1   2  -1   0  -3  -2  -1   0
  1   1   1  -2   1  -1   2   1  -2   1   2   2  -1   0  -1   0  -3  -2
  1   1   1  -2  -2   1   2   2   1  -1   2   1  -1   0  -1   0  -3  -2
 -2   1   2   2   1   1   1  -2   1   2  -1   1  -1   0  -3  -2  -1   0
 -2   2   1   2   1   2  -1   1   1   1   1  -2  -3  -2  -1   0  -1   0
  1   2  -2   2  -1   1   1   2   1   1   1  -2  -2  -3  -1   0  -1   0
 -1   1   1   2   1   2  -2   2   1   1   1  -2  -2  -3  -1   0  -1   0
 -1   1   1   2   1   1   1  -2   1   2  -2   2  -1   0  -2  -3  -1   0
  1   1   1  -2  -1   1   1   2   1  -2   2   2  -1   0  -1   0  -2  -3
  1   1   1  -2   1  -2   2   2  -1   1   1   2  -1   0  -1   0  -2  -3
  1  -2   1   1   2   2   1  -2  -1   1   1   2   0  -1  -1   0  -2  -3
  2   2   1  -2   1  -2   1   1  -1   1   1   2   0  -1  -2  -3  -1   0
  2   1   2  -2  -1   1   1   2   1  -2   1   1  -2  -3   0  -1  -1   0
 -1   1   1   2   2   1   2  -2   1   1  -2   1  -2  -3  -1   0   0  -1
 -1   1   1   2   1   1  -2   1   2   1   2  -2  -1   0  -2  -3   0  -1
  1   2  -1   1  -2   1   1   1   2   1   2  -2   0  -1  -2  -3   0  -1
 -2   1   1   1   1   2  -1   1   2   2   1  -2   0  -1   0  -1  -2  -3
 -2   1   1   1   2   2   1  -2   1   2  -1   1   0  -1   0  -1  -2  -3
  2   2   1  -2  -2   1   1   1   1  -1   2   1   0  -1  -2  -3   0  -1
  2   1   2  -2   1  -1   2   1  -2   1   1   1  -2  -3   0  -1   0  -1
  2  -2   2   1   2   1   1  -1  -2   1   1   1  -3  -2   0  -1   0  -1
  2   1   1  -1   2  -2   2   1  -2   1   1   1  -3  -2   0  -1   0  -1
  2   1   1  -1  -2   1   1   1   2  -2   2   1   0  -1  -3  -2   0  -1
 -2   1   1   1   2   1   1  -1   2   2  -2   1   0  -1   0  -1  -3  -2
  1   1  -2   1   1  -1   2   1   2   2  -2   1  -1   0   0  -1  -3  -2
  1  -1   2   1   1   1  -2   1   2  -2   2   1  -1   0  -3  -2   0  -1
  1  -2   2   2   1   1  -2   1   1  -1   2   1  -1   0  -2  -3   0  -1
  1   1  -2   1   1  -2   2   2   1   2  -1   1  -1   0   0  -1  -2  -3
  1  -1   2   1   2   1   2  -2  -2   1   1   1  -2  -3   0  -1   0  -1
  1   2  -1   1   2  -2   2   1   1   1  -2   1  -3  -2  -1   0   0  -1
  2  -2   2   1   1   2  -1   1   1  -2   1   1  -3  -2   0  -1  -1   0
  1   1  -2   1  -1   1   1   2   2   2   1  -2  -1   0   0  -1  -2  -3
  1  -2   1   1   1   2  -1   1   1  -2   2   2   0  -1  -1   0  -2  -3
  1   2  -1   1   1  -2   1   1   1   2  -2   2   0  -1  -2  -3  -1   0
  1  -2   2   2   1   1   1  -2  -1   1   1   2  -1   0  -2  -3  -1   0
  2   2  -2   1   1  -2   1   1   1   2  -1   1   0  -1  -3  -2  -1   0
  1  -2   1   1   2   2  -2   1   1  -1   2   1   0  -1  -1   0  -3  -2
  1   2  -1   1  -2   2   1   2   1   1   1  -2  -3  -2  -1   0  -1   0
  1  -1   2   1   1   2  -2   2   1  -2   1   1  -2  -3   0  -1  -1   0
  1   2  -2   2   1  -1   2   1   1   1  -2   1  -2  -3  -1   0   0  -1
  2   2  -2   1  -2   1   1   1   2   1   1  -1   0  -1  -3  -2   0  -1
  1  -2   1   1   2   1   1  -1  -2   1   2   2   0  -1  -1   0  -3  -2
 -2   1   1   1   2   2  -2   1   2   1   1  -1   0  -1   0  -1  -3  -2
  1   1  -2   2  -2   1   1   2   2   1   1  -1  -1   0   0  -2  -2  -2
 -2   1   1   2   1   1  -2   2   2   1   1  -1  -1   0  -2  -2   0  -2
 -2   1   1   2   2   1   1  -1   1   1  -2   2  -2  -2  -1   0   0  -2
  2   1   1  -1  -2   1   1   2   1  -2   1   2  -2  -2   0  -2  -1   0
  2   1   1  -1   1  -2   1   2  -2   1   1   2   0  -2  -2  -2  -1   0
  1  -1   2   1   1   2   1  -2  -2   1   1   2  -2   0  -2  -2  -1   0
  1   2   1  -2   1  -1   2   1  -2   1   1   2  -2   0  -1   0  -2  -2
  1   1   2  -2  -2   1   1   2   1  -1   2   1  -1   0  -2   0  -2  -2
 -2   1   1   2   1   1   2  -2   1   2  -1   1  -1   0  -2  -2  -2   0
 -2   1   1   2   1   2  -1   1   1   1   2  -2  -2  -2  -1   0  -2   0
  1   2  -2   1  -1   1   1   2   1   1   2  -2  -2  -2  -1   0  -2   0
 -1   1   1   2   1   2  -2   1   1   2   1  -2  -2  -2  -2   0  -1   0
 -1   1   1   2   1   2   1  -2   1   2  -2   1  -2   0  -2  -2  -1   0
  1   2   1  -2  -1   1   1   2   1  -2   2   1  -2   0  -1   0  -2  -2
  1   1   2  -2   1  -2   2   1  -1   1   1   2  -1   0  -2   0  -2  -2
  2  -2   1   1   2   1   1  -2  -1   1   1   2   0  -1  -2   0  -2  -2
  2   1   1  -2   2  -2   1   1  -1   1   1   2   0  -1  -2  -2  -2   0
  2   1   1  -2  -1   1   1   2   2  -2   1   1  -2  -2   0  -1  -2   0
 -1   1   1   2   2   1   1  -2   2   1  -2   1  -2  -2  -2   0   0  -1
 -1   1   1   2   2   1  -2   1   2   1   1  -2  -2   0  -2  -2   0  -1
  1   2  -1   1  -2   1   2   1   2   1   1  -2   0  -2  -2  -2   0  -1
 -2   1   2   1   1   2  -1   1   2   1   1  -2   0  -2   0  -1  -2  -2
 -2   2   1   1   2   1   1  -2   1   2  -1   1   0  -1   0  -2  -2  -2
  2   1   1  -2  -2   2   1   1   1  -1   2   1   0  -1  -2  -2   0  -2
  2   1   1  -2   1  -1   2   1  -2   2   1   1  -2  -2   0  -1   0  -2
  1  -2   2   1   2   1   1  -1  -2   2   1   1  -2  -2   0  -1   0  -2
  2   1   1  -1   1  -2   2   1  -2   1   2   1  -2  -2   0  -2   0  -1
  2   1   1  -1  -2   1   2   1   1  -2   2   1   0  -2  -2  -2   0  -1
 -2   1   2   1   2   1   1  -1   1   2  -2   1   0  -2   0  -1  -2  -2
  2   1  -2   1   1  -1   2   1   1   2  -2   1  -2   0   0  -1  -2  -2
  1  -1   2   1   2   1  -2   1   1  -2   2   1  -2   0  -2  -2   0  -1
  1  -2   2   1   1   1  -2   2   1  -1   2   1  -1   0  -2  -2   0  -2
  1   1  -2   2   1  -2   2   1   1   2  -1   1  -1   0   0  -2  -2  -2
  1  -1   2   1   2   1   1  -2  -2   1   2   1  -2  -2   0  -2   0  -1
  1   2  -1   1   1  -2   2   1   2   1  -2   1  -2  -2  -2   0   0  -1
  1  -2   2   1   1   2  -1   1   2  -2   1   1  -2  -2   0  -1  -2   0
  2   1  -2   1  -1   1   1   2   2   1   1  -2  -2   0   0  -1  -2  -2
  1  -2   1   2   1   2  -1   1   1  -2   2   1   0  -2  -1   0  -2  -2
  1   2  -1   1   1  -2   1   2   1   2  -2   1   0  -2  -2  -2  -1   0
  1  -2   2   1   1   1   2  -2  -1   1   1   2  -1   0  -2  -2  -2   0
  1   2  -2   1   2  -2   1   1   1   2  -1   1   0  -1  -2  -2  -2   0
  2  -2   1   1   1   2  -2   1   1  -1   2   1   0  -1  -2   0  -2  -2
  1   2  -1   1  -2   1   1   2   1   2   1  -2  -2  -2  -2   0  -1   0
  1  -1   2   1   1   2  -2   1   1  -2   1   2  -2  -2   0  -2  -1   0
  1   2  -2   1   1  -1   2   1   1   1  -2   2  -2  -2  -1   0   0  -2
  1   2  -2   1  -2   2   1   1   2   1   1  -1   0  -1  -2  -2   0  -2
  1  -2   1   2   2   1   1  -1  -2   1   1   2   0  -2  -1   0  -2  -2
 -2   2   1   1   1   2  -2   1   2   1   1  -1   0  -1   0  -2  -2  -2
