#:: _ H(A,B) H(A,b) H(a,B) H(a,b) H(A) H(a) H(B) H(b)
#>> Aa<>aA; AaBb<>BbAa
  0   0  -1   0   0   1   0   0   1
  0   0   0   0   1   0  -1   0   0
  0   1   0   0   0   0   0  -1   0
  0   0   0  -1   0   0   1   1   0
  0   1  -1   1   1   0  -1  -1   0
  0  -1   0   0   0   1   0   1   0
  0   0   1   0   0   0   0   0  -1
  0   0   0   0   1   0   0   0  -1
  0   0   0   0  -1   0   1   0   1
  0   0   1   0   0  -1   0   0   0
  0   0   0   1   0   0  -1   0   0
  0   1   0   0   0  -1   0   0   0
  0   0   0   1   0   0   0  -1   0
  0   1   1   1  -1  -1   0  -1   0
  0  -1   1   1   1   0  -1   0  -1
  0   1   1  -1   1  -1   0   0  -1
