#:: H(A,B,C) H(A,B,c) H(A,b,C) H(A,b,c) H(a,B,C) H(a,B,c) H(a,b,C) H(a,b,c) H(L)
#>> Aa<>aA; AaBb<>BbaA; AaCc<>CcAa
  0  -1  -1   2   2   0   0  -1   1
  0   2  -1   0  -1   0   2  -1   1
 -1   0   0   2   2  -1  -1   0   1
 -1   2   0  -1   0  -1   2   0   1
  0  -1   2   0  -1   2   0  -1   1
 -1   0   2  -1   0   2  -1   0   1
  2  -1  -1   0  -1   0   0   2   1
  2   0   0  -1   0  -1  -1   2   1
  2  -3  -1   2   0   2   0  -1   1
  2   0  -1   0  -3   2   2  -1   1
 -3   2   2   0   2  -1  -1   0   1
 -3   2   2  -1   2  -1   0   0   1
  2  -1  -3   2   0   0   2  -1   1
  2   0  -3   2  -1   0   2  -1   1
 -1   0   2   0   2  -1  -3   2   1
 -1   2   2  -3   0  -1   0   2   1
  0  -1  -1   2   0   2   2  -3   1
  0   0  -1   2  -1   2   2  -3   1
 -1   2   0   0   2  -3  -1   2   1
 -1   2   0  -1   2  -3   0   2   1
  2  -3   0   2  -1   2   0  -1   1
  2  -1   0   0  -3   2   2  -1   1
 -1   0   2  -1   2   0  -3   2   1
 -3   2   2  -1   2   0  -1   0   1
 -1   2   2  -3   0   0  -1   2   1
  0  -1   0   2  -1   2   2  -3   1
  2  -3  -1   2  -1   2   0   0   1
  0   2   0  -1   2  -3  -1   2   1
  0   2   2  -3   0  -1  -1   2   1
  2  -1  -1   0  -3   2   2   0   1
  2  -1  -3   2  -1   0   2   0   1
  0   0   2  -1   2  -1  -3   2   1
  0  -1   0   1   1   0  -1   0   1
  0   1   0  -1  -1   0   1   0   1
 -1   0   0   1   1   0   0  -1   1
 -1   1   0   0   0   0   1  -1   1
  0   0  -1   1   1  -1   0   0   1
  0   1  -1   0   0  -1   1   0   1
  0  -1   1   0   0   1  -1   0   1
  0   0   1  -1  -1   1   0   0   1
 -1   0   1   0   0   1   0  -1   1
  1  -1   0   0   0   0  -1   1   1
  1   0  -1   0   0  -1   0   1   1
  1   0   0  -1  -1   0   0   1   1
  0   0   0   0   1   0   0   0   0
  0   1   0   0   0   0   0   0   0
  0   0   0   1   0   0   0   0   0
  0   0   0   0   0   0   1   0   0
  0   0   1   0   0   0   0   0   0
  0   0   0   0   0   1   0   0   0
  0   0   0   0   0   0   0   1   0
  1   0   0   0   0   0   0   0   0
  0   0  -1   1   1   0   0   0   0
  0   1  -1   0   0   0   1   0   0
  0   0   0   1   1   0  -1   0   0
  0   1   0  -1   0   0   1   0   0
  0   0   0   1   1   0   0  -1   0
  0   1   0   0   0   0   1  -1   0
  0   0   0   1   1  -1   0   0   0
  0   1   0   0   0  -1   1   0   0
  0  -1   0   1   1   0   0   0   0
  0   1   0   0  -1   0   1   0   0
 -1   0   0   1   1   0   0   0   0
 -1   1   0   0   0   0   1   0   0
  0   0   1   0  -1   1   0   0   0
  0  -1   1   0   0   1   0   0   0
 -1   0   1   0   0   1   0   0   0
  0   0   1  -1   0   1   0   0   0
  0   0   1   0   0   1   0  -1   0
  0   0   1   0   0   1  -1   0   0
  1   0  -1   0   0   0   0   1   0
  1   0   0   0  -1   0   0   1   0
  1   0   0  -1   0   0   0   1   0
  1   0   0   0   0  -1   0   1   0
  1  -1   0   0   0   0   0   1   0
  1   0   0   0   0   0  -1   1   0
 -1   1   0   0   1   0   0   0   0
  1   0  -1   1   0   0   0   0   0
  1   0  -1   0   0   0   1   0   0
  0   0   1   0   1   0  -1   0   0
  0   1   1  -1   0   0   0   0   0
  0   0   0   1   0   0   1  -1   0
  0   0   0   0   1  -1   0   1   0
  0   1   0   0   0  -1   0   1   0
  0  -1   0   1   0   1   0   0   0
  0   0   0   0  -1   1   1   0   0
 -1   1   1   0   0   0   0   0   0
 -1   0   1   0   1   0   0   0   0
  1   0   0   0  -1   0   1   0   0
  1  -1   0   1   0   0   0   0   0
  0   0  -1   1   0   0   1   0   0
  0   0   0   0   1   0  -1   1   0
  0   1   0  -1   0   0   0   1   0
  0   0   0   1   0   1   0  -1   0
  0   0   0   0   0   1   1  -1   0
  0   1   0   0   1  -1   0   0   0
  1  -1   0   0   0   1   0   0   0
  0   0   1   0   0   0  -1   1   0
  0   0   1  -1   0   0   0   1   0
  1   0   0   0  -1   1   0   0   0
  1  -1  -1   1   0   1   0   0   0
  1   0  -1   0  -1   1   1   0   0
 -1   1   1   0   1   0  -1   0   0
 -1   1   1  -1   1   0   0   0   0
  1   0  -1   1   0   0   1  -1   0
  0   0   1   0   1  -1  -1   1   0
  0   1   1  -1   0  -1   0   1   0
  0  -1   0   1   0   1   1  -1   0
  0   0   0   1  -1   1   1  -1   0
 -1   1   0   0   1  -1   0   1   0
  1  -1   0   1  -1   1   0   0   0
  1  -1   0   0  -1   1   1   0   0
 -1   1   1   0   1  -1   0   0   0
  1  -1  -1   1   0   0   1   0   0
  1   0  -1   1  -1   0   1   0   0
 -1   0   1   0   1   0  -1   1   0
 -1   1   1  -1   0   0   0   1   0
  0   0  -1   1   0   1   1  -1   0
  0   1   0   0   1  -1  -1   1   0
  0   1   0  -1   1  -1   0   1   0
  1  -1   0   1   0   1   0  -1   0
  1   0   0   0  -1   1   1  -1   0
  0   1   1  -1   0   0  -1   1   0
  0   0   1  -1   1   0  -1   1   0
  0   1  -1   0   1  -1   0   1   0
  1  -1   0   1   0   1  -1   0   0
  1   0   0  -1  -1   1   1   0   0
 -1   1   1   0   1   0   0  -1   0
  1   0  -1   1   0  -1   1   0   0
  0  -1   1   0   1   0  -1   1   0
  0   1   1  -1  -1   0   0   1   0
 -1   0   0   1   0   1   1  -1   0
  1   0  -2   1   0   0   1   0   0
  0   0   1   0   1   0  -2   1   0
  0   1   1  -2   0   0   0   1   0
  0   0   0   1   0   1   1  -2   0
  0   1   0   0   1  -2   0   1   0
  1  -2   0   1   0   1   0   0   0
  1   0   0   0  -2   1   1   0   0
 -2   1   1   0   1   0   0   0   0
  2  -1  -3   2  -1   0   2  -1   2
 -1   0   2  -1   2  -1  -3   2   2
 -1   2   2  -3   0  -1  -1   2   2
  0  -1  -1   2  -1   2   2  -3   2
 -1   2   0  -1   2  -3  -1   2   2
  2  -3  -1   2  -1   2   0  -1   2
  2  -1  -1   0  -3   2   2  -1   2
 -3   2   2  -1   2  -1  -1   0   2
  1   0  -2   1   0  -1   1   0   1
  0  -1   1   0   1   0  -2   1   1
  0   1   1  -2  -1   0   0   1   1
 -1   0   0   1   0   1   1  -2   1
  0   1  -1   0   1  -2   0   1   1
  1  -2   0   1   0   1  -1   0   1
  1   0   0  -1  -2   1   1   0   1
 -2   1   1   0   1   0   0  -1   1
  2  -1  -1   2  -1   2   0  -1   0
  2  -1  -1   0  -1   2   2  -1   0
 -1   2   2  -1   2  -1  -1   0   0
  2  -1  -1   2  -1   0   2  -1   0
 -1   0   2  -1   2  -1  -1   2   0
 -1   2   2  -1   0  -1  -1   2   0
  0  -1  -1   2  -1   2   2  -1   0
 -1   2   0  -1   2  -1  -1   2   0
